Number,Value
0,3
1,20
2,10
3,19
4,7
5,4
6,11
7,14
8,4
9,14
10,14
11,15
12,2
13,4
14,19
15,20
16,13
17,4
18,5
19,6
20,17
21,11
22,9
23,9
24,2
25,15
26,18
27,18
28,15
29,18
30,16
31,12
32,8
33,11
34,10
35,2
36,5
37,16
38,4
39,20
40,2
41,19
42,20
43,16
44,17
45,6
46,11
47,10
48,5
49,7
50,10
51,15
52,6
53,7
54,19
55,11
56,10
57,2
58,18
59,16
60,14
61,1
62,5
63,3
64,16
65,13
66,19
67,19
68,9
69,13
70,3
71,20
72,1
73,6
74,19
75,20
76,17
77,14
78,16
79,16
80,13
81,19
82,1
83,3
84,8
85,15
86,11
87,6
88,8
89,9
90,4
91,1
92,10
93,4
94,15
95,3
96,1
97,18
98,17
99,10
100,2
101,9
102,18
103,2
104,14
105,3
106,16
107,19
108,4
109,5
110,8
111,2
112,7
113,19
114,19
115,20
116,11
117,4
118,9
119,17
120,18
121,8
122,18
123,20
124,9
125,13
126,18
127,3
128,5
129,20
130,15
131,10
132,16
133,13
134,18
135,10
136,20
137,4
138,20
139,3
140,9
141,3
142,10
143,7
144,4
145,20
146,19
147,15
148,8
149,18
150,3
151,7
152,8
153,20
154,12
155,17
156,18
157,19
158,15
159,17
160,16
161,20
162,8
163,3
164,10
165,6
166,3
167,15
168,20
169,9
170,1
171,8
172,18
173,1
174,12
175,9
176,2
177,10
178,11
179,3
180,18
181,18
182,4
183,14
184,3
185,19
186,2
187,18
188,5
189,3
190,7
191,1
192,15
193,7
194,18
195,19
196,9
197,1
198,9
199,19
200,12
201,15
202,15
203,11
204,13
205,17
206,10
207,7
208,6
209,11
210,10
211,11
212,3
213,15
214,2
215,13
216,1
217,17
218,20
219,1
220,2
221,11
222,15
223,14
224,16
225,1
226,12
227,3
228,14
229,13
230,14
231,9
232,1
233,16
234,8
235,11
236,7
237,4
238,17
239,1
240,20
241,14
242,14
243,1
244,15
245,19
246,7
247,7
248,1
249,11
250,4
251,18
252,17
253,17
254,9
255,17
256,1
257,20
258,9
259,1
260,17
261,12
262,17
263,18
264,8
265,10
266,6
267,2
268,9
269,19
270,13
271,14
272,13
273,9
274,5
275,10
276,4
277,19
278,6
279,14
280,19
281,14
282,18
283,4
284,4
285,10
286,12
287,5
288,8
289,3
290,8
291,15
292,17
293,11
294,5
295,16
296,14
297,16
298,10
299,10
300,19
301,15
302,17
303,17
304,15
305,8
306,6
307,19
308,8
309,13
310,15
311,5
312,11
313,15
314,19
315,1
316,4
317,6
318,9
319,15
320,14
321,9
322,14
323,1
324,19
325,10
326,10
327,4
328,15
329,10
330,20
331,3
332,7
333,18
334,2
335,16
336,18
337,18
338,18
339,9
340,19
341,6
342,15
343,14
344,20
345,17
346,9
347,18
348,15
349,3
350,5
351,20
352,15
353,10
354,5
355,15
356,8
357,3
358,13
359,13
360,17
361,9
362,14
363,15
364,1
365,1
366,7
367,14
368,14
369,11
370,1
371,18
372,9
373,7
374,14
375,8
376,2
377,20
378,6
379,3
380,20
381,14
382,3
383,9
384,10
385,15
386,18
387,13
388,9
389,19
390,14
391,11
392,12
393,6
394,20
395,11
396,18
397,18
398,6
399,20
400,10
401,10
402,20
403,17
404,19
405,19
406,10
407,7
408,3
409,16
410,13
411,17
412,14
413,8
414,2
415,10
416,14
417,7
418,13
419,2
420,19
421,6
422,8
423,16
424,8
425,4
426,13
427,10
428,18
429,7
430,2
431,17
432,6
433,7
434,7
435,18
436,8
437,20
438,8
439,7
440,18
441,19
442,12
443,9
444,12
445,6
446,13
447,18
448,13
449,13
450,13
451,17
452,20
453,17
454,18
455,14
456,3
457,17
458,4
459,17
460,19
461,6
462,5
463,3
464,17
465,11
466,8
467,12
468,2
469,9
470,3
471,7
472,15
473,11
474,9
475,13
476,6
477,5
478,3
479,14
480,12
481,15
482,8
483,12
484,7
485,9
486,20
487,6
488,17
489,15
490,3
491,17
492,1
493,20
494,1
495,3
496,12
497,4
498,7
499,10
500,1
501,4
502,6
503,7
504,16
505,7
506,5
507,6
508,6
509,5
510,18
511,3
512,2
513,17
514,7
515,2
516,13
517,3
518,15
519,16
520,20
521,10
522,2
523,17
524,3
525,4
526,2
527,6
528,12
529,17
530,12
531,1
532,4
533,1
534,4
535,9
536,13
537,3
538,2
539,5
540,3
541,11
542,7
543,10
544,11
545,4
546,14
547,8
548,18
549,15
550,17
551,1
552,20
553,1
554,9
555,7
556,4
557,18
558,1
559,9
560,6
561,5
562,7
563,17
564,12
565,12
566,18
567,18
568,2
569,16
570,1
571,12
572,15
573,18
574,8
575,1
576,12
577,10
578,7
579,16
580,9
581,14
582,9
583,11
584,14
585,4
586,3
587,6
588,1
589,6
590,7
591,2
592,6
593,15
594,19
595,14
596,16
597,10
598,7
599,13
600,12
601,9
602,2
603,19
604,20
605,2
606,10
607,10
608,4
609,1
610,9
611,1
612,8
613,9
614,3
615,18
616,2
617,20
618,8
619,14
620,9
621,4
622,18
623,8
624,2
625,10
626,6
627,12
628,3
629,7
630,3
631,18
632,2
633,15
634,11
635,19
636,6
637,16
638,3
639,4
640,15
641,16
642,2
643,1
644,5
645,9
646,5
647,14
648,2
649,14
650,14
651,1
652,16
653,5
654,5
655,4
656,16
657,1
658,4
659,10
660,14
661,8
662,12
663,15
664,16
665,8
666,14
667,3
668,1
669,3
670,5
671,5
672,19
673,5
674,14
675,14
676,10
677,20
678,20
679,8
680,6
681,2
682,5
683,9
684,13
685,14
686,17
687,14
688,7
689,17
690,2
691,12
692,14
693,14
694,6
695,16
696,12
697,11
698,17
699,8
700,12
701,9
702,1
703,1
704,12
705,8
706,20
707,15
708,2
709,20
710,3
711,2
712,9
713,1
714,9
715,11
716,16
717,12
718,2
719,10
720,5
721,3
722,11
723,8
724,13
725,11
726,14
727,18
728,14
729,1
730,4
731,11
732,19
733,9
734,18
735,13
736,2
737,15
738,13
739,20
740,1
741,18
742,1
743,18
744,6
745,14
746,13
747,4
748,18
749,1
750,11
751,4
752,7
753,5
754,2
755,16
756,8
757,8
758,4
759,3
760,6
761,15
762,17
763,2
764,19
765,20
766,18
767,12
768,18
769,16
770,3
771,15
772,16
773,3
774,7
775,1
776,17
777,16
778,6
779,19
780,3
781,11
782,6
783,1
784,12
785,13
786,15
787,14
788,7
789,10
790,11
791,15
792,19
793,5
794,10
795,6
796,2
797,7
798,17
799,6
800,18
801,18
802,2
803,5
804,8
805,13
806,16
807,14
808,7
809,19
810,7
811,7
812,14
813,16
814,15
815,8
816,12
817,15
818,7
819,19
820,2
821,5
822,20
823,14
824,14
825,10
826,9
827,19
828,5
829,9
830,9
831,15
832,11
833,17
834,6
835,5
836,2
837,10
838,12
839,11
840,14
841,13
842,5
843,6
844,20
845,18
846,3
847,12
848,9
849,3
850,4
851,1
852,9
853,10
854,18
855,3
856,4
857,20
858,8
859,7
860,11
861,14
862,2
863,9
864,13
865,8
866,6
867,12
868,20
869,16
870,9
871,6
872,19
873,10
874,3
875,13
876,15
877,12
878,16
879,11
880,6
881,13
882,2
883,19
884,17
885,18
886,6
887,12
888,5
889,9
890,11
891,4
892,13
893,8
894,17
895,13
896,5
897,16
898,20
899,13
900,13
901,18
902,5
903,5
904,8
905,17
906,14
907,14
908,11
909,10
910,17
911,3
912,14
913,3
914,1
915,1
916,9
917,12
918,6
919,20
920,9
921,15
922,14
923,5
924,1
925,18
926,5
927,11
928,1
929,13
930,12
931,9
932,7
933,16
934,6
935,4
936,10
937,18
938,13
939,19
940,19
941,14
942,18
943,10
944,6
945,14
946,14
947,14
948,13
949,3
950,18
951,2
952,9
953,9
954,1
955,4
956,19
957,3
958,4
959,13
960,13
961,6
962,11
963,19
964,17
965,20
966,16
967,10
968,1
969,2
970,19
971,5
972,15
973,16
974,20
975,1
976,13
977,17
978,7
979,18
980,15
981,15
982,16
983,5
984,18
985,7
986,11
987,1
988,16
989,12
990,6
991,2
992,13
993,14
994,11
995,13
996,11
997,2
998,16
999,31000,6
1001,15
1002,6
1003,1
1004,13
1005,19
1006,18
1007,11
1008,17
1009,9
1010,9
1011,15
1012,19
1013,4
1014,9
1015,12
1016,11
1017,5
1018,6
1019,7
1020,15
1021,5
1022,2
1023,7
1024,16
1025,7
1026,7
1027,9
1028,9
1029,7
1030,19
1031,1
1032,19
1033,18
1034,15
1035,6
1036,15
1037,17
1038,6
1039,1
1040,12
1041,16
1042,16
1043,8
1044,19
1045,11
1046,6
1047,13
1048,1
1049,20
1050,19
1051,4
1052,17
1053,19
1054,19
1055,15
1056,2
1057,4
1058,14
1059,14
1060,9
1061,8
1062,15
1063,17
1064,10
1065,7
1066,13
1067,17
1068,14
1069,15
1070,19
1071,20
1072,16
1073,11
1074,16
1075,18
1076,9
1077,11
1078,8
1079,8
1080,20
1081,11
1082,12
1083,19
1084,15
1085,16
1086,10
1087,19
1088,14
1089,18
1090,14
1091,9
1092,2
1093,16
1094,18
1095,8
1096,15
1097,19
1098,17
1099,15
1100,14
1101,12
1102,3
1103,10
1104,5
1105,12
1106,18
1107,13
1108,8
1109,2
1110,5
1111,10
1112,7
1113,5
1114,8
1115,10
1116,19
1117,13
1118,18
1119,9
1120,4
1121,11
1122,18
1123,3
1124,20
1125,10
1126,2
1127,20
1128,6
1129,5
1130,18
1131,4
1132,5
1133,19
1134,14
1135,20
1136,4
1137,6
1138,17
1139,10
1140,17
1141,11
1142,7
1143,3
1144,10
1145,12
1146,13
1147,18
1148,9
1149,15
1150,17
1151,16
1152,1
1153,12
1154,13
1155,11
1156,17
1157,17
1158,20
1159,7
1160,5
1161,16
1162,15
1163,9
1164,12
1165,16
1166,8
1167,8
1168,10
1169,10
1170,14
1171,8
1172,1
1173,6
1174,1
1175,3
1176,18
1177,8
1178,16
1179,10
1180,5
1181,6
1182,16
1183,20
1184,1
1185,5
1186,12
1187,10
1188,12
1189,14
1190,13
1191,18
1192,6
1193,15
1194,15
1195,10
1196,20
1197,4
1198,11
1199,18
1200,10
1201,9
1202,16
1203,14
1204,6
1205,19
1206,3
1207,6
1208,8
1209,6
1210,2
1211,8
1212,18
1213,14
1214,3
1215,11
1216,12
1217,1
1218,13
1219,19
1220,8
1221,14
1222,14
1223,10
1224,3
1225,9
1226,20
1227,4
1228,4
1229,7
1230,17
1231,14
1232,11
1233,4
1234,17
1235,15
1236,9
1237,11
1238,16
1239,3
1240,15
1241,12
1242,9
1243,14
1244,14
1245,3
1246,1
1247,12
1248,17
1249,12
1250,12
1251,2
1252,17
1253,15
1254,14
1255,11
1256,5
1257,13
1258,20
1259,14
1260,12
1261,7
1262,3
1263,17
1264,13
1265,9
1266,9
1267,2
1268,8
1269,13
1270,11
1271,16
1272,19
1273,4
1274,2
1275,8
1276,7
1277,3
1278,6
1279,18
1280,18
1281,4
1282,11
1283,6
1284,11
1285,17
1286,1
1287,13
1288,7
1289,17
1290,18
1291,7
1292,15
1293,2
1294,8
1295,14
1296,2
1297,4
1298,14
1299,14
1300,13
1301,8
1302,13
1303,16
1304,12
1305,9
1306,10
1307,19
1308,10
1309,3
1310,15
1311,6
1312,10
1313,11
1314,13
1315,14
1316,13
1317,13
1318,16
1319,3
1320,16
1321,13
1322,18
1323,8
1324,18
1325,19
1326,4
1327,4
1328,8
1329,7
1330,9
1331,11
1332,20
1333,17
1334,20
1335,2
1336,15
1337,1
1338,12
1339,11
1340,16
1341,6
1342,2
1343,11
1344,11
1345,13
1346,15
1347,9
1348,6
1349,11
1350,16
1351,5
1352,2
1353,1
1354,14
1355,18
1356,6
1357,10
1358,4
1359,9
1360,18
1361,16
1362,8
1363,16
1364,2
1365,13
1366,1
1367,11
1368,19
1369,8
1370,14
1371,6
1372,6
1373,3
1374,16
1375,13
1376,6
1377,13
1378,15
1379,8
1380,10
1381,4
1382,20
1383,18
1384,16
1385,8
1386,2
1387,17
1388,2
1389,2
1390,6
1391,5
1392,17
1393,13
1394,5
1395,4
1396,17
1397,4
1398,11
1399,12
1400,13
1401,4
1402,3
1403,2
1404,6
1405,13
1406,6
1407,11
1408,8
1409,18
1410,1
1411,16
1412,9
1413,13
1414,2
1415,2
1416,16
1417,11
1418,8
1419,13
1420,15
1421,14
1422,16
1423,12
1424,6
1425,12
1426,13
1427,20
1428,16
1429,6
1430,6
1431,11
1432,3
1433,19
1434,10
1435,16
1436,12
1437,1
1438,2
1439,1
1440,6
1441,10
1442,1
1443,20
1444,6
1445,1
1446,15
1447,7
1448,3
1449,2
1450,3
1451,20
1452,1
1453,18
1454,10
1455,8
1456,4
1457,12
1458,12
1459,12
1460,20
1461,9
1462,18
1463,11
1464,3
1465,9
1466,16
1467,5
1468,17
1469,18
1470,10
1471,9
1472,10
1473,19
1474,20
1475,18
1476,4
1477,1
1478,8
1479,7
1480,13
1481,16
1482,19
1483,19
1484,10
1485,3
1486,9
1487,13
1488,10
1489,5
1490,12
1491,5
1492,2
1493,15
1494,2
1495,2
1496,6
1497,17
1498,1
1499,12
1500,14
1501,10
1502,10
1503,12
1504,14
1505,9
1506,6
1507,3
1508,17
1509,19
1510,19
1511,4
1512,7
1513,19
1514,15
1515,18
1516,18
1517,15
1518,4
1519,16
1520,7
1521,8
1522,11
1523,20
1524,9
1525,13
1526,6
1527,16
1528,9
1529,16
1530,4
1531,1
1532,12
1533,11
1534,5
1535,3
1536,3
1537,13
1538,17
1539,15
1540,2
1541,12
1542,18
1543,11
1544,9
1545,3
1546,12
1547,8
1548,13
1549,5
1550,9
1551,7
1552,18
1553,20
1554,10
1555,11
1556,6
1557,10
1558,11
1559,5
1560,4
1561,3
1562,5
1563,9
1564,5
1565,7
1566,1
1567,3
1568,17
1569,11
1570,5
1571,10
1572,9
1573,16
1574,15
1575,18
1576,6
1577,14
1578,9
1579,17
1580,10
1581,5
1582,11
1583,9
1584,6
1585,7
1586,7
1587,14
1588,15
1589,3
1590,14
1591,17
1592,18
1593,18
1594,12
1595,1
1596,18
1597,8
1598,6
1599,5
1600,12
1601,6
1602,1
1603,11
1604,19
1605,18
1606,19
1607,1
1608,3
1609,9
1610,10
1611,17
1612,6
1613,1
1614,10
1615,5
1616,15
1617,16
1618,13
1619,3
1620,15
1621,16
1622,18
1623,4
1624,14
1625,7
1626,19
1627,9
1628,6
1629,12
1630,18
1631,15
1632,14
1633,18
1634,2
1635,14
1636,4
1637,11
1638,20
1639,20
1640,7
1641,9
1642,12
1643,20
1644,9
1645,18
1646,13
1647,5
1648,3
1649,13
1650,18
1651,9
1652,17
1653,4
1654,15
1655,20
1656,13
1657,9
1658,19
1659,15
1660,15
1661,5
1662,4
1663,17
1664,1
1665,11
1666,18
1667,14
1668,18
1669,1
1670,4
1671,16
1672,20
1673,17
1674,11
1675,15
1676,6
1677,12
1678,15
1679,14
1680,14
1681,13
1682,4
1683,7
1684,17
1685,1
1686,4
1687,17
1688,7
1689,3
1690,17
1691,12
1692,11
1693,15
1694,14
1695,1
1696,13
1697,5
1698,4
1699,15
1700,10
1701,5
1702,14
1703,19
1704,13
1705,17
1706,20
1707,8
1708,20
1709,16
1710,11
1711,7
1712,17
1713,11
1714,9
1715,4
1716,1
1717,3
1718,8
1719,12
1720,12
1721,10
1722,14
1723,3
1724,13
1725,17
1726,2
1727,6
1728,20
1729,4
1730,11
1731,19
1732,8
1733,15
1734,19
1735,17
1736,17
1737,4
1738,18
1739,3
1740,7
1741,15
1742,16
1743,20
1744,4
1745,7
1746,10
1747,19
1748,2
1749,11
1750,8
1751,4
1752,6
1753,12
1754,5
1755,17
1756,13
1757,9
1758,10
1759,6
1760,3
1761,13
1762,17
1763,8
1764,15
1765,4
1766,17
1767,9
1768,9
1769,11
1770,3
1771,1
1772,1
1773,14
1774,10
1775,2
1776,6
1777,12
1778,3
1779,6
1780,2
1781,17
1782,12
1783,3
1784,17
1785,2
1786,8
1787,13
1788,12
1789,4
1790,10
1791,8
1792,1
1793,14
1794,20
1795,1
1796,3
1797,7
1798,10
1799,15
1800,7
1801,18
1802,2
1803,13
1804,16
1805,13
1806,12
1807,3
1808,7
1809,11
1810,4
1811,17
1812,14
1813,13
1814,9
1815,1
1816,19
1817,10
1818,3
1819,3
1820,13
1821,18
1822,15
1823,14
1824,12
1825,5
1826,13
1827,13
1828,4
1829,11
1830,18
1831,6
1832,17
1833,19
1834,7
1835,11
1836,6
1837,6
1838,10
1839,19
1840,11
1841,13
1842,17
1843,17
1844,3
1845,1
1846,13
1847,2
1848,16
1849,3
1850,13
1851,16
1852,3
1853,10
1854,5
1855,15
1856,16
1857,18
1858,11
1859,18
1860,11
1861,7
1862,1
1863,16
1864,14
1865,8
1866,6
1867,9
1868,16
1869,5
1870,2
1871,20
1872,1
1873,4
1874,10
1875,12
1876,17
1877,8
1878,12
1879,6
1880,3
1881,9
1882,12
1883,16
1884,4
1885,5
1886,13
1887,6
1888,7
1889,9
1890,14
1891,3
1892,18
1893,19
1894,14
1895,18
1896,18
1897,2
1898,10
1899,16
1900,9
1901,16
1902,13
1903,6
1904,16
1905,11
1906,14
1907,13
1908,10
1909,4
1910,15
1911,16
1912,17
1913,1
1914,15
1915,11
1916,18
1917,7
1918,12
1919,11
1920,6
1921,10
1922,1
1923,18
1924,19
1925,10
1926,6
1927,9
1928,17
1929,7
1930,20
1931,20
1932,15
1933,12
1934,19
1935,2
1936,9
1937,16
1938,3
1939,7
1940,17
1941,7
1942,20
1943,10
1944,2
1945,11
1946,20
1947,7
1948,5
1949,5
1950,14
1951,7
1952,12
1953,14
1954,9
1955,9
1956,2
1957,17
1958,10
1959,13
1960,15
1961,4
1962,4
1963,2
1964,8
1965,13
1966,15
1967,15
1968,10
1969,12
1970,20
1971,5
1972,18
1973,9
1974,4
1975,13
1976,18
1977,20
1978,3
1979,8
1980,5
1981,20
1982,1
1983,5
1984,10
1985,3
1986,1
1987,18
1988,20
1989,9
1990,14
1991,8
1992,12
1993,3
1994,10
1995,19
1996,8
1997,6
1998,9
1999,8
2000,11
2001,4
2002,7
2003,15
2004,6
2005,20
2006,5
2007,11
2008,14
2009,19
2010,7
2011,19
2012,10
2013,8
2014,9
2015,12
2016,15
2017,14
2018,7
2019,3
2020,12
2021,4
2022,4
2023,5
2024,5
2025,11
2026,10
2027,19
2028,10
2029,16
2030,1
2031,4
2032,5
2033,19
2034,8
2035,6
2036,4
2037,16
2038,9
2039,9
2040,8
2041,3
2042,12
2043,2
2044,8
2045,20
2046,7
2047,19
2048,7
2049,14
2050,3
2051,6
2052,4
2053,6
2054,11
2055,5
2056,18
2057,7
2058,3
2059,3
2060,20
2061,1
2062,18
2063,17
2064,1
2065,2
2066,13
2067,3
2068,18
2069,14
2070,7
2071,16
2072,13
2073,9
2074,3
2075,15
2076,6
2077,1
2078,15
2079,15
2080,6
2081,4
2082,11
2083,15
2084,1
2085,11
2086,10
2087,7
2088,12
2089,15
2090,15
2091,2
2092,1
2093,10
2094,6
2095,4
2096,18
2097,14
2098,8
2099,9
2100,11
2101,14
2102,16
2103,12
2104,8
2105,11
2106,3
2107,12
2108,19
2109,12
2110,17
2111,9
2112,5
2113,8
2114,11
2115,18
2116,11
2117,13
2118,8
2119,11
2120,1
2121,7
2122,13
2123,12
2124,12
2125,19
2126,12
2127,11
2128,11
2129,7
2130,5
2131,17
2132,4
2133,11
2134,14
2135,3
2136,18
2137,14
2138,8
2139,3
2140,19
2141,5
2142,15
2143,3
2144,5
2145,12
2146,17
2147,17
2148,9
2149,5
2150,8
2151,9
2152,15
2153,10
2154,17
2155,13
2156,3
2157,20
2158,4
2159,11
2160,1
2161,11
2162,8
2163,6
2164,7
2165,8
2166,11
2167,1
2168,17
2169,20
2170,13
2171,11
2172,5
2173,13
2174,20
2175,10
2176,8
2177,10
2178,16
2179,11
2180,12
2181,12
2182,14
2183,20
2184,4
2185,8
2186,20
2187,10
2188,9
2189,19
2190,18
2191,7
2192,4
2193,1
2194,2
2195,14
2196,3
2197,12
2198,19
2199,16
2200,4
2201,16
2202,8
2203,20
2204,6
2205,20
2206,17
2207,5
2208,3
2209,13
2210,10
2211,11
2212,4
2213,15
2214,20
2215,18
2216,17
2217,1
2218,1
2219,10
2220,17
2221,20
2222,16
2223,1
2224,15
2225,9
2226,2
2227,4
2228,18
2229,6
2230,6
2231,9
2232,17
2233,10
2234,4
2235,18
2236,20
2237,4
2238,9
2239,1
2240,4
2241,14
2242,8
2243,20
2244,5
2245,20
2246,17
2247,1
2248,5
2249,13
2250,8
2251,6
2252,7
2253,8
2254,7
2255,13
2256,19
2257,3
2258,19
2259,1
2260,9
2261,19
2262,6
2263,1
2264,9
2265,2
2266,12
2267,13
2268,3
2269,5
2270,14
2271,12
2272,19
2273,16
2274,17
2275,2
2276,7
2277,2
2278,11
2279,8
2280,2
2281,10
2282,2
2283,20
2284,13
2285,8
2286,9
2287,5
2288,11
2289,1
2290,20
2291,18
2292,17
2293,17
2294,15
2295,7
2296,10
2297,19
2298,1
2299,4
2300,6
2301,11
2302,19
2303,3
2304,13
2305,10
2306,20
2307,9
2308,15
2309,3
2310,18
2311,20
2312,18
2313,6
2314,13
2315,20
2316,19
2317,9
2318,8
2319,10
2320,8
2321,12
2322,16
2323,19
2324,17
2325,1
2326,4
2327,2
2328,14
2329,10
2330,5
2331,4
2332,12
2333,4
2334,6
2335,19
2336,20
2337,10
2338,4
2339,1
2340,9
2341,4
2342,5
2343,14
2344,1
2345,18
2346,3
2347,15
2348,19
2349,20
2350,13
2351,2
2352,7
2353,7
2354,4
2355,19
2356,14
2357,6
2358,20
2359,17
2360,11
2361,13
2362,17
2363,17
2364,19
2365,16
2366,9
2367,12
2368,3
2369,8
2370,13
2371,13
2372,12
2373,12
2374,16
2375,3
2376,4
2377,8
2378,5
2379,4
2380,13
2381,10
2382,15
2383,16
2384,20
2385,12
2386,4
2387,15
2388,14
2389,11
2390,12
2391,9
2392,1
2393,19
2394,7
2395,1
2396,12
2397,20
2398,7
2399,6
2400,10
2401,5
2402,11
2403,12
2404,10
2405,12
2406,17
2407,5
2408,1
2409,7
2410,1
2411,11
2412,17
2413,10
2414,5
2415,3
2416,20
2417,13
2418,2
2419,19
2420,10
2421,5
2422,5
2423,15
2424,7
2425,5
2426,18
2427,11
2428,18
2429,8
2430,14
2431,15
2432,16
2433,10
2434,2
2435,12
2436,20
2437,16
2438,17
2439,11
2440,14
2441,7
2442,7
2443,2
2444,15
2445,3
2446,15
2447,13
2448,7
2449,7
2450,2
2451,13
2452,10
2453,14
2454,11
2455,6
2456,4
2457,4
2458,9
2459,19
2460,9
2461,18
2462,11
2463,10
2464,18
2465,17
2466,6
2467,15
2468,14
2469,14
2470,6
2471,9
2472,16
2473,18
2474,7
2475,16
2476,7
2477,14
2478,7
2479,12
2480,9
2481,4
2482,2
2483,1
2484,8
2485,8
2486,3
2487,19
2488,10
2489,12
2490,13
2491,12
2492,19
2493,12
2494,1
2495,11
2496,12
2497,12
2498,20
2499,10
2500,7
2501,15
2502,10
2503,13
2504,18
2505,1
2506,5
2507,17
2508,10
2509,12
2510,12
2511,1
2512,18
2513,20
2514,7
2515,11
2516,17
2517,13
2518,3
2519,13
2520,8
2521,8
2522,15
2523,18
2524,12
2525,18
2526,18
2527,8
2528,20
2529,11
2530,2
2531,4
2532,15
2533,13
2534,5
2535,12
2536,1
2537,1
2538,10
2539,15
2540,2
2541,15
2542,15
2543,3
2544,20
2545,7
2546,18
2547,8
2548,2
2549,11
2550,14
2551,10
2552,20
2553,16
2554,13
2555,3
2556,6
2557,5
2558,12
2559,18
2560,6
2561,12
2562,16
2563,4
2564,7
2565,9
2566,20
2567,11
2568,12
2569,9
2570,18
2571,20
2572,20
2573,15
2574,7
2575,17
2576,3
2577,3
2578,18
2579,1
2580,18
2581,9
2582,5
2583,11
2584,5
2585,14
2586,5
2587,8
2588,6
2589,18
2590,13
2591,9
2592,7
2593,10
2594,7
2595,12
2596,3
2597,20
2598,13
2599,10
2600,18
2601,14
2602,3
2603,5
2604,8
2605,13
2606,18
2607,14
2608,2
2609,17
2610,20
2611,9
2612,4
2613,14
2614,9
2615,17
2616,20
2617,18
2618,15
2619,15
2620,17
2621,14
2622,13
2623,11
2624,10
2625,15
2626,19
2627,9
2628,15
2629,16
2630,1
2631,5
2632,17
2633,4
2634,11
2635,6
2636,15
2637,15
2638,13
2639,12
2640,8
2641,12
2642,12
2643,2
2644,3
2645,8
2646,12
2647,11
2648,14
2649,14
2650,18
2651,1
2652,19
2653,8
2654,9
2655,20
2656,19
2657,6
2658,6
2659,15
2660,1
2661,6
2662,7
2663,18
2664,18
2665,5
2666,18
2667,11
2668,12
2669,14
2670,16
2671,13
2672,9
2673,11
2674,19
2675,5
2676,18
2677,18
2678,18
2679,2
2680,5
2681,7
2682,16
2683,16
2684,1
2685,13
2686,2
2687,16
2688,10
2689,7
2690,7
2691,12
2692,16
2693,10
2694,15
2695,19
2696,18
2697,20
2698,6
2699,15
2700,20
2701,2
2702,6
2703,16
2704,13
2705,13
2706,14
2707,12
2708,10
2709,15
2710,15
2711,10
2712,6
2713,9
2714,3
2715,5
2716,18
2717,10
2718,17
2719,5
2720,18
2721,18
2722,13
2723,17
2724,2
2725,17
2726,19
2727,8
2728,5
2729,8
2730,16
2731,9
2732,15
2733,13
2734,18
2735,6
2736,5
2737,15
2738,6
2739,19
2740,1
2741,15
2742,19
2743,5
2744,9
2745,18
2746,11
2747,1
2748,13
2749,10
2750,1
2751,5
2752,1
2753,20
2754,19
2755,5
2756,19
2757,17
2758,15
2759,15
2760,1
2761,11
2762,11
2763,3
2764,17
2765,2
2766,7
2767,19
2768,11
2769,4
2770,1
2771,7
2772,16
2773,19
2774,6
2775,10
2776,12
2777,8
2778,14
2779,7
2780,12
2781,1
2782,14
2783,12
2784,18
2785,6
2786,5
2787,15
2788,12
2789,3
2790,6
2791,1
2792,11
2793,2
2794,13
2795,19
2796,7
2797,5
2798,11
2799,9
2800,6
2801,11
2802,19
2803,10
2804,18
2805,2
2806,12
2807,8
2808,8
2809,18
2810,7
2811,3
2812,6
2813,10
2814,4
2815,4
2816,15
2817,5
2818,18
2819,14
2820,1
2821,20
2822,13
2823,7
2824,1
2825,16
2826,17
2827,20
2828,1
2829,7
2830,2
2831,4
2832,19
2833,19
2834,17
2835,5
2836,20
2837,2
2838,8
2839,16
2840,3
2841,2
2842,1
2843,4
2844,3
2845,10
2846,17
2847,20
2848,18
2849,19
2850,9
2851,7
2852,5
2853,15
2854,18
2855,20
2856,11
2857,7
2858,19
2859,4
2860,18
2861,8
2862,16
2863,7
2864,13
2865,7
2866,5
2867,8
2868,9
2869,9
2870,8
2871,20
2872,13
2873,12
2874,8
2875,1
2876,20
2877,1
2878,8
2879,20
2880,1
2881,4
2882,1
2883,18
2884,14
2885,16
2886,3
2887,20
2888,3
2889,3
2890,1
2891,6
2892,13
2893,8
2894,14
2895,12
2896,18
2897,17
2898,12
2899,10
2900,13
2901,6
2902,3
2903,20
2904,16
2905,12
2906,11
2907,6
2908,14
2909,9
2910,8
2911,2
2912,11
2913,5
2914,2
2915,15
2916,9
2917,18
2918,2
2919,9
2920,7
2921,10
2922,2
2923,5
2924,17
2925,20
2926,8
2927,15
2928,5
2929,19
2930,5
2931,3
2932,8
2933,18
2934,1
2935,8
2936,13
2937,1
2938,14
2939,17
2940,7
2941,20
2942,5
2943,15
2944,5
2945,3
2946,16
2947,5
2948,14
2949,13
2950,7
2951,9
2952,7
2953,3
2954,10
2955,11
2956,9
2957,13
2958,15
2959,16
2960,13
2961,12
2962,20
2963,17
2964,16
2965,11
2966,14
2967,8
2968,10
2969,8
2970,6
2971,8
2972,15
2973,3
2974,16
2975,19
2976,15
2977,1
2978,9
2979,1
2980,12
2981,9
2982,5
2983,3
2984,1
2985,6
2986,15
2987,4
2988,3
2989,20
2990,18
2991,15
2992,11
2993,9
2994,7
2995,1
2996,11
2997,6
2998,9
2999,18
3000,1
3001,17
3002,16
3003,2
3004,19
3005,12
3006,17
3007,9
3008,11
3009,7
3010,6
3011,14
3012,6
3013,14
3014,5
3015,11
3016,15
3017,20
3018,5
3019,3
3020,5
3021,13
3022,7
3023,1
3024,14
3025,11
3026,1
3027,13
3028,16
3029,20
3030,16
3031,16
3032,12
3033,3
3034,10
3035,15
3036,11
3037,5
3038,1
3039,11
3040,5
3041,1
3042,10
3043,7
3044,2
3045,2
3046,11
3047,5
3048,2
3049,12
3050,4
3051,20
3052,12
3053,17
3054,9
3055,20
3056,17
3057,8
3058,15
3059,9
3060,14
3061,20
3062,10
3063,3
3064,10
3065,13
3066,1
3067,11
3068,1
3069,5
3070,5
3071,1
3072,9
3073,4
3074,1
3075,6
3076,3
3077,3
3078,20
3079,3
3080,18
3081,2
3082,6
3083,10
3084,5
3085,14
3086,14
3087,4
3088,4
3089,11
3090,1
3091,2
3092,9
3093,7
3094,16
3095,6
3096,18
3097,8
3098,18
3099,11
3100,8
3101,17
3102,15
3103,16
3104,2
3105,17
3106,18
3107,20
3108,1
3109,6
3110,9
3111,16
3112,1
3113,19
3114,14
3115,1
3116,19
3117,2
3118,6
3119,9
3120,19
3121,12
3122,5
3123,19
3124,16
3125,16
3126,18
3127,15
3128,3
3129,1
3130,2
3131,19
3132,4
3133,7
3134,20
3135,9
3136,4
3137,8
3138,3
3139,9
3140,11
3141,7
3142,19
3143,5
3144,19
3145,10
3146,14
3147,11
3148,19
3149,18
3150,5
3151,2
3152,3
3153,14
3154,7
3155,7
3156,1
3157,20
3158,6
3159,14
3160,3
3161,10
3162,2
3163,20
3164,13
3165,11
3166,10
3167,19
3168,7
3169,5
3170,1
3171,2
3172,13
3173,7
3174,12
3175,14
3176,18
3177,8
3178,5
3179,8
3180,7
3181,16
3182,5
3183,4
3184,4
3185,5
3186,16
3187,9
3188,8
3189,2
3190,16
3191,5
3192,7
3193,5
3194,1
3195,19
3196,3
3197,6
3198,1
3199,10
3200,17
3201,10
3202,15
3203,1
3204,16
3205,1
3206,2
3207,11
3208,19
3209,20
3210,5
3211,1
3212,1
3213,12
3214,1
3215,6
3216,13
3217,6
3218,3
3219,11
3220,12
3221,5
3222,20
3223,20
3224,20
3225,20
3226,19
3227,13
3228,13
3229,18
3230,8
3231,6
3232,11
3233,19
3234,1
3235,4
3236,18
3237,8
3238,9
3239,15
3240,4
3241,20
3242,11
3243,2
3244,7
3245,19
3246,4
3247,17
3248,15
3249,2
3250,7
3251,17
3252,11
3253,2
3254,9
3255,16
3256,16
3257,5
3258,1
3259,10
3260,17
3261,2
3262,6
3263,20
3264,8
3265,7
3266,8
3267,9
3268,11
3269,7
3270,1
3271,4
3272,2
3273,4
3274,16
3275,14
3276,19
3277,15
3278,8
3279,20
3280,16
3281,7
3282,2
3283,17
3284,1
3285,19
3286,15
3287,9
3288,2
3289,2
3290,19
3291,17
3292,15
3293,5
3294,7
3295,16
3296,4
3297,13
3298,4
3299,17
3300,12
3301,7
3302,9
3303,13
3304,6
3305,18
3306,7
3307,20
3308,10
3309,16
3310,7
3311,5
3312,20
3313,7
3314,8
3315,6
3316,11
3317,3
3318,4
3319,19
3320,20
3321,2
3322,18
3323,4
3324,3
3325,1
3326,9
3327,19
3328,14
3329,17
3330,7
3331,6
3332,15
3333,6
3334,13
3335,2
3336,19
3337,15
3338,17
3339,6
3340,2
3341,5
3342,20
3343,8
3344,6
3345,7
3346,11
3347,10
3348,4
3349,1
3350,3
3351,6
3352,9
3353,11
3354,1
3355,19
3356,3
3357,7
3358,1
3359,10
3360,11
3361,13
3362,3
3363,19
3364,15
3365,10
3366,5
3367,13
3368,18
3369,6
3370,10
3371,9
3372,5
3373,5
3374,1
3375,4
3376,13
3377,6
3378,10
3379,10
3380,10
3381,8
3382,4
3383,13
3384,16
3385,17
3386,3
3387,12
3388,7
3389,18
3390,5
3391,19
3392,14
3393,13
3394,8
3395,16
3396,11
3397,14
3398,6
3399,11
3400,3
3401,15
3402,1
3403,1
3404,8
3405,16
3406,8
3407,9
3408,1
3409,14
3410,15
3411,1
3412,17
3413,2
3414,2
3415,5
3416,12
3417,15
3418,16
3419,14
3420,13
3421,20
3422,1
3423,17
3424,2
3425,1
3426,17
3427,5
3428,3
3429,16
3430,3
3431,6
3432,12
3433,9
3434,10
3435,20
3436,13
3437,4
3438,3
3439,2
3440,1
3441,8
3442,2
3443,18
3444,12
3445,18
3446,11
3447,18
3448,6
3449,19
3450,13
3451,1
3452,8
3453,16
3454,13
3455,4
3456,5
3457,15
3458,13
3459,5
3460,10
3461,6
3462,11
3463,18
3464,18
3465,3
3466,2
3467,10
3468,18
3469,3
3470,2
3471,9
3472,7
3473,20
3474,19
3475,19
3476,3
3477,17
3478,7
3479,5
3480,15
3481,10
3482,1
3483,2
3484,4
3485,13
3486,20
3487,7
3488,11
3489,10
3490,7
3491,15
3492,19
3493,5
3494,11
3495,11
3496,12
3497,17
3498,6
3499,16
3500,4
3501,16
3502,20
3503,13
3504,7
3505,6
3506,10
3507,8
3508,10
3509,15
3510,13
3511,7
3512,13
3513,15
3514,16
3515,14
3516,5
3517,6
3518,14
3519,14
3520,7
3521,14
3522,10
3523,16
3524,18
3525,7
3526,17
3527,9
3528,9
3529,9
3530,13
3531,16
3532,20
3533,2
3534,3
3535,5
3536,14
3537,1
3538,18
3539,19
3540,14
3541,9
3542,17
3543,15
3544,19
3545,4
3546,14
3547,9
3548,13
3549,18
3550,17
3551,13
3552,3
3553,13
3554,2
3555,14
3556,12
3557,19
3558,17
3559,10
3560,4
3561,11
3562,20
3563,10
3564,9
3565,8
3566,10
3567,17
3568,11
3569,12
3570,9
3571,9
3572,5
3573,1
3574,9
3575,17
3576,18
3577,13
3578,8
3579,19
3580,15
3581,14
3582,15
3583,13
3584,12
3585,6
3586,10
3587,5
3588,8
3589,6
3590,19
3591,4
3592,5
3593,4
3594,8
3595,8
3596,18
3597,9
3598,20
3599,5
3600,19
3601,18
3602,19
3603,10
3604,16
3605,15
3606,12
3607,15
3608,2
3609,7
3610,16
3611,1
3612,1
3613,11
3614,11
3615,8
3616,14
3617,17
3618,18
3619,6
3620,12
3621,18
3622,18
3623,2
3624,5
3625,10
3626,13
3627,19
3628,16
3629,16
3630,10
3631,18
3632,6
3633,19
3634,12
3635,7
3636,20
3637,16
3638,5
3639,16
3640,2
3641,19
3642,9
3643,5
3644,18
3645,19
3646,16
3647,1
3648,2
3649,6
3650,11
3651,7
3652,14
3653,10
3654,9
3655,19
3656,13
3657,6
3658,3
3659,12
3660,11
3661,2
3662,15
3663,3
3664,14
3665,19
3666,1
3667,12
3668,5
3669,4
3670,15
3671,12
3672,17
3673,14
3674,2
3675,16
3676,15
3677,7
3678,2
3679,1
3680,14
3681,17
3682,7
3683,10
3684,8
3685,19
3686,5
3687,6
3688,5
3689,17
3690,14
3691,14
3692,17
3693,1
3694,1
3695,11
3696,14
3697,14
3698,9
3699,16
3700,12
3701,1
3702,5
3703,4
3704,8
3705,11
3706,20
3707,12
3708,17
3709,3
3710,13
3711,16
3712,14
3713,18
3714,3
3715,8
3716,6
3717,9
3718,20
3719,18
3720,16
3721,10
3722,3
3723,4
3724,1
3725,18
3726,19
3727,3
3728,13
3729,9
3730,15
3731,17
3732,19
3733,14
3734,15
3735,18
3736,6
3737,19
3738,15
3739,7
3740,20
3741,8
3742,11
3743,5
3744,14
3745,19
3746,7
3747,10
3748,13
3749,15
3750,1
3751,7
3752,9
3753,6
3754,14
3755,14
3756,4
3757,9
3758,1
3759,7
3760,7
3761,4
3762,13
3763,14
3764,9
3765,1
3766,9
3767,13
3768,18
3769,19
3770,9
3771,12
3772,19
3773,11
3774,14
3775,14
3776,18
3777,17
3778,20
3779,3
3780,9
3781,12
3782,10
3783,4
3784,9
3785,14
3786,19
3787,9
3788,1
3789,2
3790,1
3791,14
3792,11
3793,2
3794,18
3795,10
3796,10
3797,20
3798,5
3799,1
3800,1
3801,8
3802,11
3803,19
3804,8
3805,1
3806,2
3807,15
3808,14
3809,17
3810,7
3811,6
3812,6
3813,15
3814,17
3815,20
3816,3
3817,2
3818,4
3819,12
3820,3
3821,16
3822,11
3823,19
3824,12
3825,11
3826,18
3827,12
3828,13
3829,6
3830,3
3831,8
3832,5
3833,5
3834,6
3835,15
3836,15
3837,19
3838,2
3839,10
3840,3
3841,12
3842,9
3843,3
3844,16
3845,7
3846,15
3847,15
3848,20
3849,15
3850,6
3851,13
3852,4
3853,11
3854,8
3855,8
3856,5
3857,2
3858,4
3859,15
3860,16
3861,15
3862,16
3863,20
3864,4
3865,4
3866,16
3867,6
3868,4
3869,1
3870,10
3871,2
3872,5
3873,9
3874,9
3875,8
3876,15
3877,10
3878,10
3879,9
3880,10
3881,19
3882,8
3883,20
3884,8
3885,10
3886,15
3887,1
3888,16
3889,1
3890,1
3891,6
3892,13
3893,16
3894,20
3895,13
3896,15
3897,3
3898,2
3899,6
3900,8
3901,8
3902,19
3903,16
3904,5
3905,1
3906,19
3907,14
3908,14
3909,20
3910,19
3911,10
3912,11
3913,18
3914,8
3915,1
3916,11
3917,4
3918,19
3919,3
3920,17
3921,15
3922,7
3923,20
3924,17
3925,12
3926,2
3927,11
3928,16
3929,4
3930,15
3931,11
3932,5
3933,13
3934,10
3935,20
3936,20
3937,5
3938,2
3939,6
3940,6
3941,9
3942,17
3943,7
3944,17
3945,6
3946,14
3947,20
3948,6
3949,8
3950,15
3951,9
3952,8
3953,14
3954,8
3955,14
3956,12
3957,7
3958,14
3959,1
3960,13
3961,13
3962,19
3963,10
3964,17
3965,9
3966,7
3967,1
3968,17
3969,8
3970,18
3971,6
3972,7
3973,10
3974,6
3975,14
3976,10
3977,20
3978,16
3979,6
3980,2
3981,15
3982,19
3983,19
3984,12
3985,10
3986,18
3987,19
3988,11
3989,8
3990,4
3991,20
3992,10
3993,17
3994,13
3995,19
3996,16
3997,9
3998,17
3999,14
4000,4
4001,2
4002,8
4003,8
4004,12
4005,10
4006,9
4007,8
4008,16
4009,20
4010,11
4011,8
4012,7
4013,20
4014,2
4015,7
4016,1
4017,19
4018,3
4019,9
4020,10
4021,11
4022,6
4023,3
4024,14
4025,7
4026,10
4027,7
4028,20
4029,15
4030,1
4031,2
4032,20
4033,12
4034,14
4035,14
4036,11
4037,8
4038,1
4039,14
4040,5
4041,5
4042,8
4043,6
4044,2
4045,18
4046,4
4047,3
4048,18
4049,17
4050,9
4051,20
4052,9
4053,7
4054,3
4055,5
4056,8
4057,3
4058,18
4059,16
4060,18
4061,9
4062,17
4063,9
4064,9
4065,14
4066,5
4067,4
4068,6
4069,5
4070,19
4071,13
4072,9
4073,4
4074,14
4075,4
4076,16
4077,16
4078,3
4079,11
4080,1
4081,18
4082,8
4083,5
4084,7
4085,18
4086,11
4087,19
4088,5
4089,9
4090,16
4091,13
4092,11
4093,1
4094,9
4095,13
4096,19
4097,19
4098,1
4099,5
4100,18
4101,1
4102,18
4103,3
4104,18
4105,4
4106,9
4107,11
4108,15
4109,15
4110,7
4111,8
4112,12
4113,19
4114,5
4115,10
4116,9
4117,15
4118,1
4119,2
4120,11
4121,3
4122,8
4123,19
4124,19
4125,16
4126,8
4127,6
4128,17
4129,18
4130,2
4131,18
4132,1
4133,18
4134,6
4135,15
4136,8
4137,6
4138,13
4139,3
4140,15
4141,3
4142,2
4143,6
4144,18
4145,5
4146,11
4147,10
4148,2
4149,4
4150,3
4151,17
4152,16
4153,1
4154,4
4155,16
4156,16
4157,11
4158,2
4159,4
4160,3
4161,12
4162,12
4163,8
4164,15
4165,19
4166,9
4167,20
4168,14
4169,11
4170,15
4171,11
4172,16
4173,5
4174,5
4175,20
4176,17
4177,10
4178,7
4179,9
4180,14
4181,3
4182,5
4183,4
4184,10
4185,6
4186,11
4187,17
4188,3
4189,5
4190,10
4191,18
4192,7
4193,5
4194,17
4195,13
4196,19
4197,4
4198,14
4199,12
4200,8
4201,4
4202,3
4203,8
4204,9
4205,2
4206,3
4207,15
4208,17
4209,13
4210,4
4211,14
4212,19
4213,14
4214,14
4215,12
4216,15
4217,20
4218,10
4219,15
4220,3
4221,12
4222,14
4223,20
4224,12
4225,8
4226,1
4227,20
4228,16
4229,20
4230,20
4231,20
4232,5
4233,14
4234,2
4235,17
4236,18
4237,10
4238,18
4239,9
4240,14
4241,1
4242,17
4243,20
4244,4
4245,7
4246,15
4247,8
4248,6
4249,3
4250,15
4251,5
4252,1
4253,2
4254,18
4255,12
4256,15
4257,2
4258,11
4259,19
4260,20
4261,1
4262,16
4263,19
4264,7
4265,14
4266,14
4267,16
4268,10
4269,15
4270,15
4271,12
4272,15
4273,6
4274,14
4275,9
4276,4
4277,5
4278,3
4279,13
4280,9
4281,12
4282,11
4283,6
4284,5
4285,3
4286,7
4287,1
4288,12
4289,11
4290,3
4291,14
4292,10
4293,1
4294,1
4295,20
4296,7
4297,2
4298,12
4299,16
4300,3
4301,13
4302,15
4303,16
4304,2
4305,18
4306,12
4307,3
4308,9
4309,20
4310,14
4311,3
4312,11
4313,8
4314,13
4315,1
4316,7
4317,11
4318,15
4319,18
4320,5
4321,18
4322,1
4323,17
4324,4
4325,19
4326,11
4327,6
4328,13
4329,18
4330,15
4331,15
4332,18
4333,20
4334,20
4335,7
4336,10
4337,5
4338,12
4339,17
4340,7
4341,2
4342,14
4343,8
4344,20
4345,3
4346,15
4347,6
4348,18
4349,2
4350,1
4351,2
4352,14
4353,14
4354,5
4355,15
4356,7
4357,6
4358,2
4359,6
4360,19
4361,7
4362,15
4363,16
4364,9
4365,2
4366,1
4367,12
4368,18
4369,17
4370,20
4371,10
4372,13
4373,20
4374,16
4375,19
4376,9
4377,5
4378,6
4379,1
4380,19
4381,18
4382,15
4383,9
4384,8
4385,7
4386,6
4387,9
4388,13
4389,1
4390,10
4391,14
4392,16
4393,1
4394,8
4395,17
4396,1
4397,11
4398,13
4399,15
4400,4
4401,2
4402,7
4403,8
4404,11
4405,18
4406,7
4407,20
4408,2
4409,11
4410,19
4411,4
4412,2
4413,11
4414,14
4415,11
4416,11
4417,2
4418,20
4419,16
4420,19
4421,9
4422,15
4423,20
4424,14
4425,13
4426,5
4427,4
4428,1
4429,9
4430,4
4431,8
4432,4
4433,4
4434,9
4435,13
4436,5
4437,15
4438,9
4439,6
4440,19
4441,2
4442,14
4443,20
4444,16
4445,16
4446,9
4447,4
4448,13
4449,20
4450,20
4451,4
4452,13
4453,8
4454,16
4455,16
4456,10
4457,7
4458,14
4459,1
4460,18
4461,13
4462,1
4463,17
4464,11
4465,7
4466,6
4467,16
4468,18
4469,9
4470,17
4471,10
4472,14
4473,10
4474,7
4475,17
4476,14
4477,8
4478,13
4479,10
4480,6
4481,5
4482,16
4483,19
4484,6
4485,14
4486,19
4487,2
4488,7
4489,11
4490,3
4491,9
4492,1
4493,14
4494,13
4495,3
4496,14
4497,4
4498,9
4499,13
4500,10
4501,20
4502,18
4503,15
4504,16
4505,9
4506,18
4507,17
4508,19
4509,14
4510,20
4511,8
4512,4
4513,13
4514,10
4515,13
4516,18
4517,15
4518,11
4519,13
4520,2
4521,11
4522,14
4523,8
4524,9
4525,15
4526,2
4527,14
4528,11
4529,1
4530,6
4531,16
4532,15
4533,4
4534,16
4535,15
4536,11
4537,9
4538,8
4539,19
4540,18
4541,12
4542,7
4543,7
4544,11
4545,18
4546,19
4547,3
4548,5
4549,4
4550,2
4551,17
4552,9
4553,17
4554,9
4555,19
4556,7
4557,19
4558,4
4559,16
4560,16
4561,20
4562,13
4563,3
4564,2
4565,9
4566,15
4567,1
4568,11
4569,6
4570,11
4571,14
4572,1
4573,9
4574,17
4575,2
4576,5
4577,20
4578,4
4579,17
4580,4
4581,20
4582,17
4583,11
4584,3
4585,20
4586,3
4587,4
4588,6
4589,17
4590,8
4591,5
4592,2
4593,14
4594,20
4595,10
4596,13
4597,3
4598,14
4599,1
4600,9
4601,7
4602,12
4603,5
4604,14
4605,10
4606,18
4607,14
4608,3
4609,4
4610,10
4611,20
4612,20
4613,13
4614,20
4615,5
4616,6
4617,10
4618,8
4619,16
4620,6
4621,19
4622,16
4623,16
4624,19
4625,4
4626,3
4627,19
4628,12
4629,15
4630,13
4631,19
4632,3
4633,19
4634,7
4635,7
4636,8
4637,17
4638,11
4639,3
4640,20
4641,18
4642,3
4643,16
4644,14
4645,3
4646,20
4647,11
4648,14
4649,4
4650,17
4651,13
4652,7
4653,5
4654,3
4655,7
4656,2
4657,12
4658,11
4659,9
4660,10
4661,13
4662,12
4663,4
4664,17
4665,6
4666,20
4667,1
4668,18
4669,11
4670,20
4671,16
4672,13
4673,4
4674,1
4675,10
4676,5
4677,19
4678,18
4679,16
4680,3
4681,19
4682,16
4683,8
4684,17
4685,19
4686,19
4687,8
4688,14
4689,15
4690,16
4691,6
4692,16
4693,8
4694,10
4695,2
4696,8
4697,20
4698,1
4699,12
4700,13
4701,19
4702,10
4703,20
4704,6
4705,14
4706,1
4707,12
4708,15
4709,14
4710,3
4711,2
4712,17
4713,9
4714,5
4715,15
4716,10
4717,13
4718,9
4719,10
4720,12
4721,2
4722,16
4723,3
4724,16
4725,17
4726,12
4727,2
4728,5
4729,5
4730,14
4731,1
4732,18
4733,3
4734,17
4735,11
4736,11
4737,8
4738,13
4739,18
4740,10
4741,5
4742,4
4743,16
4744,4
4745,19
4746,3
4747,5
4748,15
4749,18
4750,14
4751,9
4752,8
4753,20
4754,7
4755,2
4756,2
4757,13
4758,4
4759,20
4760,5
4761,13
4762,19
4763,14
4764,11
4765,19
4766,17
4767,4
4768,10
4769,14
4770,1
4771,2
4772,3
4773,15
4774,18
4775,9
4776,9
4777,10
4778,13
4779,17
4780,2
4781,7
4782,3
4783,5
4784,10
4785,18
4786,12
4787,9
4788,3
4789,14
4790,15
4791,11
4792,9
4793,7
4794,11
4795,14
4796,20
4797,10
4798,4
4799,11
4800,6
4801,11
4802,2
4803,13
4804,15
4805,6
4806,9
4807,4
4808,14
4809,7
4810,6
4811,7
4812,2
4813,6
4814,2
4815,15
4816,12
4817,20
4818,16
4819,15
4820,6
4821,11
4822,20
4823,11
4824,11
4825,12
4826,14
4827,16
4828,15
4829,18
4830,10
4831,20
4832,1
4833,11
4834,17
4835,18
4836,7
4837,14
4838,11
4839,16
4840,18
4841,20
4842,6
4843,6
4844,7
4845,7
4846,11
4847,15
4848,20
4849,14
4850,17
4851,20
4852,18
4853,12
4854,3
4855,8
4856,3
4857,18
4858,13
4859,9
4860,8
4861,20
4862,19
4863,3
4864,11
4865,11
4866,18
4867,6
4868,8
4869,3
4870,10
4871,16
4872,14
4873,19
4874,15
4875,9
4876,1
4877,16
4878,9
4879,2
4880,6
4881,17
4882,8
4883,13
4884,15
4885,16
4886,13
4887,7
4888,18
4889,3
4890,12
4891,8
4892,12
4893,13
4894,7
4895,1
4896,14
4897,18
4898,1
4899,10
4900,14
4901,19
4902,2
4903,18
4904,20
4905,20
4906,13
4907,8
4908,2
4909,1
4910,16
4911,9
4912,19
4913,10
4914,16
4915,19
4916,7
4917,1
4918,16
4919,3
4920,11
4921,2
4922,9
4923,14
4924,3
4925,13
4926,10
4927,15
4928,17
4929,8
4930,3
4931,10
4932,5
4933,13
4934,19
4935,3
4936,5
4937,12
4938,8
4939,12
4940,20
4941,8
4942,1
4943,13
4944,15
4945,15
4946,12
4947,1
4948,2
4949,17
4950,18
4951,14
4952,15
4953,16
4954,18
4955,7
4956,3
4957,5
4958,14
4959,4
4960,8
4961,17
4962,8
4963,19
4964,7
4965,12
4966,16
4967,14
4968,1
4969,18
4970,20
4971,11
4972,11
4973,4
4974,17
4975,16
4976,4
4977,9
4978,18
4979,17
4980,13
4981,17
4982,18
4983,15
4984,3
4985,14
4986,6
4987,14
4988,19
4989,3
4990,4
4991,3
4992,18
4993,12
4994,20
4995,14
4996,1
4997,7
4998,14
4999,1
5000,14
5001,4
5002,2
5003,14
5004,3
5005,7
5006,11
5007,3
5008,16
5009,16
5010,18
5011,7
5012,18
5013,12
5014,9
5015,19
5016,2
5017,6
5018,19
5019,15
5020,5
5021,20
5022,13
5023,4
5024,18
5025,6
5026,15
5027,6
5028,4
5029,13
5030,19
5031,3
5032,3
5033,20
5034,13
5035,3
5036,5
5037,17
5038,16
5039,11
5040,4
5041,8
5042,8
5043,19
5044,8
5045,18
5046,15
5047,9
5048,12
5049,17
5050,13
5051,7
5052,9
5053,16
5054,8
5055,4
5056,8
5057,8
5058,19
5059,13
5060,1
5061,18
5062,20
5063,15
5064,3
5065,18
5066,1
5067,17
5068,10
5069,3
5070,13
5071,17
5072,15
5073,7
5074,13
5075,19
5076,12
5077,14
5078,6
5079,17
5080,6
5081,5
5082,9
5083,8
5084,6
5085,17
5086,14
5087,13
5088,8
5089,11
5090,2
5091,18
5092,19
5093,13
5094,7
5095,8
5096,10
5097,16
5098,6
5099,12
5100,20
5101,2
5102,19
5103,18
5104,19
5105,1
5106,1
5107,16
5108,9
5109,16
5110,2
5111,7
5112,8
5113,20
5114,15
5115,1
5116,3
5117,13
5118,6
5119,13
5120,2
5121,17
5122,5
5123,15
5124,12
5125,16
5126,13
5127,2
5128,5
5129,16
5130,3
5131,10
5132,20
5133,13
5134,18
5135,1
5136,1
5137,5
5138,2
5139,9
5140,18
5141,13
5142,16
5143,3
5144,1
5145,8
5146,9
5147,2
5148,14
5149,8
5150,8
5151,8
5152,7
5153,3
5154,7
5155,12
5156,10
5157,1
5158,13
5159,19
5160,7
5161,10
5162,2
5163,8
5164,5
5165,8
5166,14
5167,7
5168,5
5169,1
5170,2
5171,5
5172,14
5173,3
5174,6
5175,3
5176,4
5177,17
5178,1
5179,10
5180,10
5181,12
5182,2
5183,17
5184,1
5185,19
5186,9
5187,18
5188,20
5189,7
5190,13
5191,18
5192,13
5193,10
5194,8
5195,19
5196,19
5197,13
5198,12
5199,19
5200,8
5201,2
5202,12
5203,7
5204,1
5205,8
5206,7
5207,20
5208,10
5209,16
5210,20
5211,2
5212,4
5213,5
5214,10
5215,6
5216,4
5217,18
5218,8
5219,20
5220,2
5221,8
5222,10
5223,3
5224,1
5225,2
5226,14
5227,15
5228,18
5229,1
5230,2
5231,15
5232,18
5233,9
5234,6
5235,12
5236,5
5237,13
5238,15
5239,4
5240,14
5241,11
5242,5
5243,13
5244,13
5245,11
5246,11
5247,17
5248,17
5249,1
5250,14
5251,10
5252,17
5253,5
5254,20
5255,15
5256,2
5257,18
5258,2
5259,15
5260,18
5261,6
5262,5
5263,7
5264,2
5265,1
5266,17
5267,17
5268,4
5269,9
5270,4
5271,3
5272,14
5273,18
5274,17
5275,16
5276,19
5277,3
5278,16
5279,17
5280,8
5281,9
5282,20
5283,16
5284,8
5285,7
5286,5
5287,15
5288,6
5289,17
5290,18
5291,7
5292,11
5293,14
5294,12
5295,4
5296,1
5297,16
5298,1
5299,16
5300,7
5301,4
5302,5
5303,7
5304,19
5305,18
5306,5
5307,7
5308,2
5309,11
5310,5
5311,15
5312,9
5313,2
5314,4
5315,7
5316,2
5317,18
5318,17
5319,9
5320,7
5321,3
5322,11
5323,12
5324,16
5325,17
5326,11
5327,4
5328,3
5329,16
5330,2
5331,18
5332,12
5333,1
5334,18
5335,9
5336,15
5337,11
5338,3
5339,11
5340,8
5341,3
5342,19
5343,13
5344,5
5345,19
5346,12
5347,3
5348,17
5349,13
5350,17
5351,9
5352,3
5353,16
5354,2
5355,18
5356,20
5357,6
5358,10
5359,6
5360,17
5361,17
5362,14
5363,13
5364,5
5365,20
5366,4
5367,11
5368,19
5369,13
5370,11
5371,18
5372,7
5373,1
5374,14
5375,9
5376,8
5377,2
5378,8
5379,11
5380,16
5381,9
5382,13
5383,8
5384,3
5385,9
5386,9
5387,11
5388,1
5389,15
5390,13
5391,17
5392,13
5393,8
5394,19
5395,2
5396,16
5397,17
5398,11
5399,16
5400,20
5401,5
5402,18
5403,13
5404,7
5405,14
5406,10
5407,4
5408,18
5409,19
5410,13
5411,7
5412,14
5413,8
5414,5
5415,10
5416,8
5417,7
5418,20
5419,3
5420,10
5421,4
5422,4
5423,17
5424,13
5425,12
5426,20
5427,10
5428,12
5429,7
5430,3
5431,6
5432,3
5433,9
5434,18
5435,11
5436,14
5437,20
5438,11
5439,12
5440,18
5441,20
5442,5
5443,15
5444,2
5445,18
5446,4
5447,3
5448,3
5449,2
5450,19
5451,19
5452,5
5453,16
5454,2
5455,13
5456,8
5457,20
5458,1
5459,9
5460,6
5461,3
5462,10
5463,16
5464,7
5465,17
5466,2
5467,19
5468,2
5469,19
5470,10
5471,20
5472,16
5473,8
5474,8
5475,2
5476,9
5477,1
5478,1
5479,15
5480,11
5481,10
5482,6
5483,17
5484,17
5485,13
5486,8
5487,16
5488,6
5489,2
5490,10
5491,14
5492,20
5493,17
5494,3
5495,12
5496,19
5497,18
5498,12
5499,17
5500,10
5501,14
5502,19
5503,12
5504,15
5505,13
5506,18
5507,17
5508,11
5509,10
5510,17
5511,16
5512,5
5513,13
5514,12
5515,18
5516,6
5517,2
5518,18
5519,11
5520,6
5521,16
5522,9
5523,1
5524,17
5525,17
5526,16
5527,20
5528,12
5529,18
5530,18
5531,5
5532,17
5533,1
5534,7
5535,8
5536,17
5537,4
5538,17
5539,18
5540,7
5541,14
5542,10
5543,19
5544,7
5545,2
5546,16
5547,16
5548,10
5549,13
5550,10
5551,2
5552,10
5553,16
5554,18
5555,6
5556,2
5557,6
5558,2
5559,19
5560,13
5561,18
5562,7
5563,13
5564,6
5565,18
5566,5
5567,2
5568,19
5569,11
5570,4
5571,20
5572,5
5573,20
5574,6
5575,2
5576,15
5577,16
5578,1
5579,5
5580,10
5581,2
5582,13
5583,16
5584,5
5585,12
5586,9
5587,11
5588,16
5589,12
5590,12
5591,4
5592,3
5593,9
5594,4
5595,2
5596,17
5597,8
5598,8
5599,4
5600,5
5601,13
5602,2
5603,16
5604,19
5605,4
5606,10
5607,18
5608,16
5609,6
5610,3
5611,12
5612,15
5613,8
5614,8
5615,19
5616,10
5617,20
5618,13
5619,19
5620,3
5621,8
5622,18
5623,2
5624,18
5625,13
5626,15
5627,4
5628,6
5629,14
5630,18
5631,6
5632,12
5633,10
5634,15
5635,11
5636,4
5637,18
5638,14
5639,7
5640,5
5641,20
5642,19
5643,14
5644,17
5645,9
5646,11
5647,5
5648,4
5649,1
5650,20
5651,11
5652,11
5653,11
5654,4
5655,15
5656,16
5657,12
5658,2
5659,10
5660,15
5661,1
5662,11
5663,6
5664,5
5665,10
5666,15
5667,19
5668,13
5669,15
5670,3
5671,15
5672,8
5673,18
5674,1
5675,6
5676,7
5677,10
5678,10
5679,12
5680,13
5681,11
5682,3
5683,1
5684,3
5685,9
5686,9
5687,5
5688,3
5689,12
5690,10
5691,6
5692,14
5693,14
5694,20
5695,14
5696,14
5697,18
5698,2
5699,5
5700,11
5701,20
5702,6
5703,7
5704,10
5705,20
5706,8
5707,10
5708,13
5709,3
5710,4
5711,14
5712,7
5713,14
5714,12
5715,18
5716,12
5717,9
5718,13
5719,14
5720,7
5721,18
5722,1
5723,11
5724,20
5725,7
5726,15
5727,4
5728,19
5729,3
5730,20
5731,15
5732,12
5733,13
5734,2
5735,15
5736,3
5737,20
5738,8
5739,4
5740,5
5741,5
5742,4
5743,13
5744,4
5745,20
5746,20
5747,20
5748,9
5749,17
5750,3
5751,19
5752,15
5753,3
5754,7
5755,20
5756,9
5757,2
5758,18
5759,20
5760,5
5761,5
5762,6
5763,4
5764,6
5765,3
5766,2
5767,19
5768,18
5769,11
5770,2
5771,9
5772,13
5773,12
5774,15
5775,5
5776,2
5777,6
5778,6
5779,3
5780,9
5781,1
5782,14
5783,10
5784,9
5785,15
5786,1
5787,14
5788,6
5789,3
5790,11
5791,19
5792,18
5793,17
5794,17
5795,17
5796,19
5797,20
5798,14
5799,8
5800,9
5801,2
5802,18
5803,3
5804,4
5805,13
5806,15
5807,20
5808,5
5809,6
5810,17
5811,14
5812,4
5813,13
5814,14
5815,20
5816,5
5817,7
5818,2
5819,17
5820,19
5821,3
5822,8
5823,7
5824,8
5825,11
5826,20
5827,4
5828,14
5829,2
5830,4
5831,17
5832,19
5833,10
5834,13
5835,2
5836,17
5837,4
5838,10
5839,18
5840,6
5841,11
5842,16
5843,12
5844,18
5845,14
5846,14
5847,16
5848,4
5849,14
5850,4
5851,15
5852,8
5853,5
5854,13
5855,14
5856,5
5857,14
5858,8
5859,2
5860,15
5861,17
5862,14
5863,3
5864,5
5865,16
5866,19
5867,13
5868,11
5869,9
5870,7
5871,16
5872,3
5873,19
5874,18
5875,3
5876,5
5877,7
5878,8
5879,9
5880,1
5881,18
5882,20
5883,15
5884,18
5885,20
5886,7
5887,12
5888,1
5889,14
5890,4
5891,7
5892,17
5893,14
5894,18
5895,12
5896,6
5897,11
5898,1
5899,18
5900,6
5901,13
5902,13
5903,15
5904,19
5905,20
5906,6
5907,16
5908,16
5909,4
5910,1
5911,18
5912,18
5913,16
5914,1
5915,17
5916,6
5917,3
5918,1
5919,11
5920,6
5921,1
5922,19
5923,13
5924,13
5925,14
5926,17
5927,16
5928,12
5929,10
5930,18
5931,7
5932,16
5933,10
5934,10
5935,6
5936,15
5937,17
5938,19
5939,20
5940,1
5941,10
5942,14
5943,18
5944,11
5945,5
5946,12
5947,20
5948,6
5949,4
5950,15
5951,12
5952,6
5953,6
5954,4
5955,8
5956,7
5957,3
5958,20
5959,2
5960,11
5961,2
5962,1
5963,4
5964,15
5965,17
5966,18
5967,6
5968,15
5969,6
5970,10
5971,14
5972,13
5973,4
5974,14
5975,20
5976,12
5977,9
5978,10
5979,20
5980,5
5981,10
5982,19
5983,4
5984,11
5985,12
5986,20
5987,20
5988,14
5989,3
5990,12
5991,13
5992,10
5993,2
5994,5
5995,14
5996,10
5997,8
5998,1
5999,11
6000,13
6001,14
6002,11
6003,13
6004,7
6005,15
6006,4
6007,2
6008,18
6009,11
6010,18
6011,13
6012,15
6013,6
6014,8
6015,19
6016,8
6017,20
6018,18
6019,11
6020,4
6021,5
6022,12
6023,7
6024,14
6025,7
6026,15
6027,8
6028,5
6029,20
6030,7
6031,9
6032,19
6033,1
6034,15
6035,12
6036,15
6037,5
6038,4
6039,12
6040,8
6041,9
6042,15
6043,2
6044,10
6045,3
6046,15
6047,9
6048,13
6049,4
6050,1
6051,5
6052,15
6053,19
6054,5
6055,6
6056,3
6057,4
6058,12
6059,18
6060,3
6061,6
6062,4
6063,10
6064,20
6065,10
6066,6
6067,12
6068,20
6069,10
6070,16
6071,14
6072,8
6073,12
6074,8
6075,20
6076,14
6077,15
6078,6
6079,7
6080,13
6081,4
6082,5
6083,11
6084,14
6085,14
6086,10
6087,6
6088,17
6089,7
6090,15
6091,3
6092,16
6093,11
6094,4
6095,15
6096,2
6097,20
6098,19
6099,8
6100,20
6101,15
6102,2
6103,15
6104,7
6105,2
6106,20
6107,7
6108,19
6109,3
6110,8
6111,15
6112,11
6113,3
6114,17
6115,14
6116,15
6117,17
6118,20
6119,10
6120,20
6121,17
6122,4
6123,12
6124,19
6125,20
6126,4
6127,3
6128,12
6129,20
6130,11
6131,16
6132,12
6133,19
6134,16
6135,11
6136,11
6137,7
6138,18
6139,18
6140,1
6141,15
6142,18
6143,7
6144,6
6145,7
6146,7
6147,5
6148,19
6149,18
6150,14
6151,7
6152,18
6153,3
6154,17
6155,7
6156,20
6157,1
6158,18
6159,15
6160,7
6161,10
6162,16
6163,16
6164,4
6165,18
6166,1
6167,12
6168,13
6169,11
6170,2
6171,8
6172,6
6173,4
6174,4
6175,5
6176,8
6177,6
6178,20
6179,10
6180,16
6181,5
6182,4
6183,2
6184,12
6185,14
6186,11
6187,8
6188,3
6189,15
6190,5
6191,3
6192,11
6193,1
6194,7
6195,13
6196,9
6197,3
6198,15
6199,11
6200,9
6201,8
6202,19
6203,15
6204,2
6205,9
6206,10
6207,2
6208,17
6209,8
6210,10
6211,8
6212,13
6213,20
6214,6
6215,17
6216,7
6217,1
6218,2
6219,14
6220,16
6221,6
6222,17
6223,10
6224,9
6225,14
6226,6
6227,14
6228,14
6229,10
6230,16
6231,19
6232,17
6233,12
6234,4
6235,5
6236,6
6237,15
6238,11
6239,17
6240,3
6241,7
6242,7
6243,5
6244,11
6245,10
6246,16
6247,6
6248,8
6249,10
6250,13
6251,5
6252,18
6253,12
6254,19
6255,5
6256,13
6257,4
6258,7
6259,7
6260,14
6261,1
6262,16
6263,17
6264,14
6265,18
6266,18
6267,3
6268,12
6269,13
6270,12
6271,18
6272,11
6273,11
6274,19
6275,4
6276,15
6277,19
6278,7
6279,8
6280,15
6281,14
6282,13
6283,6
6284,2
6285,17
6286,7
6287,13
6288,13
6289,13
6290,4
6291,18
6292,10
6293,13
6294,3
6295,4
6296,1
6297,13
6298,3
6299,9
6300,13
6301,17
6302,4
6303,20
6304,8
6305,10
6306,18
6307,20
6308,20
6309,16
6310,2
6311,6
6312,4
6313,5
6314,11
6315,12
6316,19
6317,5
6318,20
6319,9
6320,2
6321,15
6322,6
6323,11
6324,1
6325,17
6326,16
6327,18
6328,14
6329,2
6330,17
6331,7
6332,7
6333,9
6334,17
6335,14
6336,19
6337,2
6338,11
6339,18
6340,13
6341,19
6342,14
6343,1
6344,8
6345,17
6346,11
6347,12
6348,12
6349,20
6350,19
6351,2
6352,1
6353,19
6354,14
6355,19
6356,15
6357,3
6358,19
6359,15
6360,3
6361,1
6362,12
6363,20
6364,10
6365,13
6366,11
6367,10
6368,17
6369,12
6370,1
6371,3
6372,8
6373,11
6374,14
6375,18
6376,10
6377,6
6378,8
6379,4
6380,18
6381,11
6382,12
6383,12
6384,3
6385,12
6386,18
6387,2
6388,1
6389,11
6390,3
6391,19
6392,9
6393,12
6394,2
6395,18
6396,20
6397,7
6398,14
6399,2
6400,18
6401,17
6402,18
6403,9
6404,9
6405,11
6406,12
6407,1
6408,9
6409,17
6410,19
6411,8
6412,12
6413,9
6414,6
6415,10
6416,15
6417,8
6418,8
6419,15
6420,11
6421,14
6422,4
6423,12
6424,5
6425,9
6426,7
6427,6
6428,10
6429,20
6430,16
6431,4
6432,9
6433,11
6434,1
6435,18
6436,17
6437,16
6438,17
6439,4
6440,19
6441,3
6442,2
6443,14
6444,13
6445,18
6446,12
6447,13
6448,2
6449,15
6450,8
6451,18
6452,11
6453,15
6454,1
6455,4
6456,8
6457,6
6458,6
6459,12
6460,14
6461,5
6462,1
6463,7
6464,10
6465,8
6466,18
6467,19
6468,8
6469,5
6470,20
6471,9
6472,14
6473,1
6474,17
6475,20
6476,14
6477,14
6478,6
6479,11
6480,11
6481,15
6482,6
6483,11
6484,10
6485,12
6486,19
6487,5
6488,18
6489,12
6490,7
6491,7
6492,12
6493,20
6494,3
6495,14
6496,7
6497,3
6498,2
6499,4
6500,1
6501,5
6502,17
6503,15
6504,1
6505,4
6506,4
6507,12
6508,17
6509,20
6510,12
6511,3
6512,2
6513,8
6514,10
6515,11
6516,7
6517,1
6518,3
6519,20
6520,13
6521,4
6522,14
6523,9
6524,4
6525,17
6526,12
6527,6
6528,14
6529,8
6530,15
6531,13
6532,3
6533,9
6534,2
6535,10
6536,12
6537,3
6538,11
6539,17
6540,8
6541,5
6542,12
6543,12
6544,14
6545,16
6546,8
6547,8
6548,7
6549,11
6550,3
6551,16
6552,11
6553,13
6554,16
6555,15
6556,17
6557,16
6558,5
6559,1
6560,4
6561,13
6562,10
6563,15
6564,10
6565,5
6566,3
6567,13
6568,13
6569,11
6570,9
6571,19
6572,17
6573,7
6574,16
6575,9
6576,6
6577,14
6578,11
6579,4
6580,19
6581,18
6582,11
6583,2
6584,10
6585,12
6586,4
6587,17
6588,3
6589,12
6590,20
6591,14
6592,10
6593,12
6594,1
6595,10
6596,8
6597,17
6598,12
6599,14
6600,12
6601,9
6602,8
6603,1
6604,20
6605,9
6606,9
6607,12
6608,16
6609,12
6610,6
6611,18
6612,17
6613,9
6614,14
6615,1
6616,8
6617,11
6618,16
6619,20
6620,15
6621,9
6622,13
6623,6
6624,19
6625,15
6626,4
6627,6
6628,9
6629,1
6630,12
6631,19
6632,1
6633,9
6634,16
6635,3
6636,19
6637,20
6638,17
6639,13
6640,11
6641,18
6642,8
6643,4
6644,14
6645,19
6646,17
6647,19
6648,18
6649,2
6650,4
6651,17
6652,19
6653,14
6654,9
6655,11
6656,1
6657,19
6658,18
6659,2
6660,2
6661,15
6662,5
6663,8
6664,19
6665,14
6666,18
6667,6
6668,20
6669,4
6670,11
6671,2
6672,2
6673,16
6674,19
6675,19
6676,17
6677,4
6678,13
6679,7
6680,18
6681,11
6682,18
6683,6
6684,20
6685,16
6686,5
6687,16
6688,6
6689,16
6690,10
6691,6
6692,14
6693,13
6694,10
6695,17
6696,6
6697,5
6698,1
6699,2
6700,3
6701,19
6702,13
6703,4
6704,14
6705,7
6706,8
6707,11
6708,11
6709,12
6710,5
6711,18
6712,10
6713,8
6714,16
6715,1
6716,3
6717,3
6718,5
6719,8
6720,5
6721,17
6722,11
6723,7
6724,6
6725,20
6726,13
6727,9
6728,20
6729,14
6730,5
6731,5
6732,15
6733,17
6734,13
6735,5
6736,16
6737,5
6738,3
6739,19
6740,11
6741,13
6742,1
6743,10
6744,13
6745,4
6746,11
6747,9
6748,19
6749,3
6750,2
6751,17
6752,4
6753,14
6754,4
6755,11
6756,5
6757,11
6758,18
6759,10
6760,17
6761,6
6762,20
6763,15
6764,1
6765,1
6766,4
6767,9
6768,17
6769,1
6770,1
6771,6
6772,2
6773,16
6774,4
6775,4
6776,6
6777,2
6778,12
6779,20
6780,18
6781,10
6782,13
6783,20
6784,7
6785,3
6786,16
6787,15
6788,5
6789,5
6790,15
6791,20
6792,3
6793,12
6794,14
6795,8
6796,5
6797,5
6798,12
6799,16
6800,20
6801,8
6802,4
6803,16
6804,2
6805,8
6806,18
6807,4
6808,11
6809,15
6810,4
6811,16
6812,16
6813,1
6814,6
6815,15
6816,7
6817,6
6818,5
6819,5
6820,1
6821,12
6822,7
6823,14
6824,7
6825,8
6826,10
6827,18
6828,14
6829,7
6830,2
6831,3
6832,20
6833,3
6834,16
6835,11
6836,8
6837,19
6838,15
6839,18
6840,10
6841,6
6842,10
6843,4
6844,6
6845,6
6846,2
6847,8
6848,3
6849,4
6850,9
6851,10
6852,8
6853,12
6854,5
6855,12
6856,19
6857,9
6858,3
6859,10
6860,20
6861,14
6862,16
6863,17
6864,7
6865,14
6866,1
6867,5
6868,3
6869,3
6870,3
6871,8
6872,20
6873,1
6874,8
6875,4
6876,16
6877,20
6878,9
6879,1
6880,7
6881,7
6882,4
6883,15
6884,4
6885,4
6886,10
6887,10
6888,15
6889,2
6890,13
6891,19
6892,16
6893,7
6894,17
6895,16
6896,15
6897,19
6898,12
6899,14
6900,14
6901,3
6902,8
6903,9
6904,17
6905,7
6906,15
6907,20
6908,5
6909,20
6910,20
6911,2
6912,9
6913,6
6914,4
6915,10
6916,12
6917,5
6918,16
6919,12
6920,9
6921,4
6922,16
6923,12
6924,2
6925,20
6926,16
6927,14
6928,20
6929,8
6930,9
6931,5
6932,18
6933,1
6934,4
6935,1
6936,15
6937,20
6938,1
6939,17
6940,18
6941,5
6942,17
6943,6
6944,11
6945,6
6946,4
6947,6
6948,8
6949,20
6950,8
6951,5
6952,2
6953,12
6954,7
6955,17
6956,17
6957,1
6958,15
6959,4
6960,8
6961,2
6962,12
6963,19
6964,11
6965,2
6966,11
6967,9
6968,7
6969,20
6970,4
6971,16
6972,8
6973,9
6974,10
6975,17
6976,10
6977,16
6978,18
6979,4
6980,18
6981,13
6982,17
6983,17
6984,5
6985,5
6986,9
6987,3
6988,10
6989,8
6990,16
6991,16
6992,11
6993,3
6994,10
6995,5
6996,2
6997,8
6998,3
6999,9
7000,5
7001,16
7002,4
7003,8
7004,16
7005,20
7006,12
7007,14
7008,10
7009,3
7010,11
7011,6
7012,13
7013,4
7014,16
7015,6
7016,20
7017,3
7018,4
7019,7
7020,20
7021,1
7022,6
7023,16
7024,7
7025,3
7026,5
7027,6
7028,3
7029,2
7030,2
7031,19
7032,13
7033,17
7034,20
7035,19
7036,10
7037,13
7038,4
7039,8
7040,1
7041,12
7042,10
7043,9
7044,2
7045,19
7046,19
7047,15
7048,15
7049,2
7050,12
7051,19
7052,14
7053,11
7054,4
7055,7
7056,3
7057,18
7058,19
7059,15
7060,7
7061,10
7062,1
7063,6
7064,10
7065,3
7066,18
7067,17
7068,14
7069,17
7070,14
7071,19
7072,13
7073,19
7074,9
7075,14
7076,7
7077,16
7078,6
7079,16
7080,7
7081,16
7082,16
7083,14
7084,13
7085,10
7086,10
7087,4
7088,19
7089,2
7090,11
7091,12
7092,7
7093,9
7094,3
7095,5
7096,11
7097,9
7098,5
7099,14
7100,7
7101,18
7102,9
7103,4
7104,4
7105,5
7106,15
7107,6
7108,20
7109,8
7110,13
7111,2
7112,12
7113,1
7114,6
7115,8
7116,6
7117,5
7118,18
7119,16
7120,3
7121,10
7122,13
7123,10
7124,18
7125,3
7126,3
7127,10
7128,5
7129,3
7130,17
7131,7
7132,11
7133,7
7134,17
7135,14
7136,2
7137,18
7138,8
7139,7
7140,5
7141,13
7142,17
7143,9
7144,19
7145,13
7146,15
7147,5
7148,6
7149,4
7150,14
7151,15
7152,11
7153,18
7154,15
7155,11
7156,19
7157,14
7158,18
7159,14
7160,15
7161,9
7162,16
7163,5
7164,19
7165,15
7166,15
7167,17
7168,11
7169,9
7170,13
7171,14
7172,20
7173,1
7174,3
7175,5
7176,3
7177,14
7178,11
7179,3
7180,8
7181,1
7182,15
7183,10
7184,7
7185,13
7186,2
7187,18
7188,15
7189,15
7190,5
7191,10
7192,2
7193,14
7194,1
7195,10
7196,20
7197,3
7198,4
7199,20
7200,9
7201,6
7202,8
7203,9
7204,7
7205,17
7206,11
7207,15
7208,8
7209,18
7210,13
7211,17
7212,12
7213,14
7214,11
7215,10
7216,11
7217,20
7218,13
7219,9
7220,7
7221,20
7222,7
7223,8
7224,9
7225,12
7226,19
7227,2
7228,13
7229,12
7230,3
7231,2
7232,12
7233,6
7234,9
7235,2
7236,20
7237,11
7238,5
7239,12
7240,5
7241,2
7242,2
7243,1
7244,20
7245,20
7246,15
7247,11
7248,20
7249,19
7250,6
7251,1
7252,12
7253,16
7254,4
7255,19
7256,10
7257,15
7258,10
7259,19
7260,20
7261,5
7262,8
7263,4
7264,16
7265,19
7266,15
7267,6
7268,9
7269,18
7270,14
7271,19
7272,1
7273,11
7274,11
7275,20
7276,16
7277,8
7278,19
7279,15
7280,11
7281,7
7282,2
7283,2
7284,16
7285,6
7286,20
7287,11
7288,5
7289,4
7290,14
7291,10
7292,3
7293,9
7294,10
7295,4
7296,14
7297,4
7298,5
7299,6
7300,17
7301,15
7302,11
7303,4
7304,5
7305,3
7306,6
7307,2
7308,16
7309,5
7310,2
7311,10
7312,18
7313,6
7314,14
7315,8
7316,8
7317,19
7318,11
7319,3
7320,2
7321,9
7322,16
7323,11
7324,5
7325,4
7326,12
7327,6
7328,1
7329,2
7330,8
7331,15
7332,1
7333,8
7334,14
7335,17
7336,17
7337,4
7338,17
7339,16
7340,14
7341,3
7342,9
7343,10
7344,19
7345,11
7346,17
7347,13
7348,2
7349,10
7350,8
7351,15
7352,8
7353,3
7354,14
7355,20
7356,2
7357,20
7358,5
7359,13
7360,4
7361,8
7362,3
7363,11
7364,19
7365,1
7366,3
7367,9
7368,17
7369,1
7370,4
7371,17
7372,20
7373,9
7374,10
7375,4
7376,15
7377,16
7378,3
7379,9
7380,8
7381,10
7382,16
7383,5
7384,5
7385,10
7386,3
7387,16
7388,12
7389,20
7390,17
7391,2
7392,2
7393,18
7394,20
7395,15
7396,2
7397,7
7398,20
7399,17
7400,16
7401,13
7402,5
7403,4
7404,1
7405,14
7406,15
7407,20
7408,16
7409,16
7410,13
7411,15
7412,7
7413,18
7414,8
7415,12
7416,2
7417,17
7418,2
7419,16
7420,12
7421,15
7422,14
7423,3
7424,12
7425,11
7426,14
7427,12
7428,18
7429,12
7430,15
7431,3
7432,19
7433,17
7434,8
7435,8
7436,16
7437,14
7438,9
7439,9
7440,8
7441,9
7442,9
7443,17
7444,11
7445,2
7446,5
7447,19
7448,8
7449,20
7450,8
7451,13
7452,8
7453,19
7454,7
7455,16
7456,6
7457,12
7458,6
7459,6
7460,8
7461,1
7462,14
7463,5
7464,8
7465,9
7466,10
7467,7
7468,8
7469,15
7470,11
7471,13
7472,7
7473,20
7474,9
7475,10
7476,3
7477,19
7478,12
7479,15
7480,6
7481,1
7482,2
7483,15
7484,20
7485,11
7486,13
7487,13
7488,4
7489,13
7490,13
7491,8
7492,9
7493,9
7494,20
7495,12
7496,10
7497,14
7498,10
7499,19
7500,1
7501,2
7502,10
7503,2
7504,16
7505,19
7506,14
7507,15
7508,1
7509,16
7510,19
7511,12
7512,17
7513,17
7514,11
7515,7
7516,4
7517,10
7518,1
7519,6
7520,18
7521,5
7522,17
7523,17
7524,16
7525,11
7526,9
7527,19
7528,17
7529,5
7530,3
7531,3
7532,14
7533,2
7534,10
7535,9
7536,4
7537,15
7538,7
7539,8
7540,14
7541,3
7542,18
7543,13
7544,8
7545,1
7546,19
7547,11
7548,14
7549,6
7550,4
7551,19
7552,2
7553,5
7554,2
7555,16
7556,8
7557,5
7558,4
7559,16
7560,19
7561,4
7562,11
7563,12
7564,5
7565,5
7566,10
7567,5
7568,11
7569,14
7570,10
7571,11
7572,17
7573,8
7574,19
7575,6
7576,9
7577,9
7578,10
7579,20
7580,18
7581,1
7582,18
7583,5
7584,18
7585,16
7586,8
7587,12
7588,20
7589,7
7590,12
7591,17
7592,13
7593,9
7594,10
7595,2
7596,20
7597,9
7598,18
7599,14
7600,13
7601,16
7602,5
7603,17
7604,18
7605,9
7606,15
7607,11
7608,1
7609,3
7610,13
7611,19
7612,2
7613,11
7614,3
7615,13
7616,20
7617,11
7618,2
7619,20
7620,2
7621,5
7622,11
7623,7
7624,4
7625,9
7626,16
7627,11
7628,12
7629,10
7630,14
7631,10
7632,8
7633,13
7634,12
7635,10
7636,1
7637,17
7638,9
7639,9
7640,17
7641,1
7642,5
7643,7
7644,19
7645,18
7646,8
7647,2
7648,19
7649,3
7650,13
7651,20
7652,17
7653,10
7654,9
7655,18
7656,1
7657,7
7658,8
7659,3
7660,16
7661,16
7662,2
7663,7
7664,13
7665,6
7666,19
7667,20
7668,4
7669,13
7670,15
7671,10
7672,10
7673,20
7674,1
7675,2
7676,9
7677,5
7678,11
7679,13
7680,2
7681,8
7682,7
7683,12
7684,3
7685,13
7686,5
7687,12
7688,12
7689,1
7690,10
7691,2
7692,3
7693,9
7694,18
7695,20
7696,15
7697,14
7698,18
7699,16
7700,4
7701,4
7702,7
7703,17
7704,8
7705,18
7706,18
7707,10
7708,10
7709,18
7710,19
7711,15
7712,12
7713,14
7714,13
7715,12
7716,14
7717,9
7718,10
7719,10
7720,15
7721,8
7722,10
7723,16
7724,6
7725,13
7726,17
7727,17
7728,12
7729,15
7730,5
7731,14
7732,15
7733,15
7734,9
7735,11
7736,7
7737,1
7738,16
7739,16
7740,11
7741,20
7742,15
7743,13
7744,7
7745,4
7746,8
7747,14
7748,6
7749,14
7750,18
7751,19
7752,13
7753,5
7754,10
7755,6
7756,16
7757,11
7758,16
7759,8
7760,10
7761,3
7762,9
7763,14
7764,11
7765,17
7766,13
7767,11
7768,10
7769,7
7770,5
7771,4
7772,12
7773,16
7774,6
7775,13
7776,9
7777,19
7778,14
7779,7
7780,3
7781,9
7782,11
7783,7
7784,11
7785,18
7786,12
7787,3
7788,7
7789,5
7790,14
7791,15
7792,5
7793,15
7794,5
7795,15
7796,16
7797,20
7798,10
7799,6
7800,18
7801,14
7802,3
7803,2
7804,6
7805,5
7806,16
7807,6
7808,20
7809,9
7810,6
7811,10
7812,17
7813,14
7814,1
7815,12
7816,8
7817,15
7818,10
7819,17
7820,13
7821,11
7822,12
7823,12
7824,4
7825,14
7826,20
7827,13
7828,2
7829,15
7830,13
7831,14
7832,19
7833,8
7834,1
7835,11
7836,4
7837,3
7838,19
7839,9
7840,12
7841,10
7842,8
7843,18
7844,14
7845,18
7846,4
7847,8
7848,19
7849,9
7850,8
7851,18
7852,7
7853,18
7854,3
7855,17
7856,3
7857,6
7858,10
7859,7
7860,17
7861,19
7862,2
7863,13
7864,8
7865,17
7866,4
7867,8
7868,20
7869,17
7870,19
7871,17
7872,6
7873,1
7874,9
7875,9
7876,13
7877,13
7878,18
7879,18
7880,8
7881,4
7882,8
7883,17
7884,10
7885,7
7886,3
7887,9
7888,12
7889,20
7890,6
7891,9
7892,8
7893,12
7894,10
7895,11
7896,7
7897,15
7898,3
7899,4
7900,6
7901,20
7902,14
7903,15
7904,11
7905,20
7906,15
7907,7
7908,16
7909,11
7910,2
7911,12
7912,8
7913,4
7914,19
7915,13
7916,17
7917,14
7918,16
7919,16
7920,13
7921,16
7922,15
7923,10
7924,1
7925,6
7926,10
7927,10
7928,9
7929,6
7930,3
7931,19
7932,3
7933,4
7934,20
7935,6
7936,1
7937,18
7938,4
7939,4
7940,18
7941,6
7942,5
7943,9
7944,5
7945,15
7946,5
7947,14
7948,18
7949,8
7950,14
7951,16
7952,2
7953,3
7954,2
7955,16
7956,20
7957,15
7958,20
7959,11
7960,1
7961,17
7962,18
7963,14
7964,6
7965,6
7966,17
7967,6
7968,2
7969,1
7970,9
7971,7
7972,10
7973,16
7974,6
7975,15
7976,19
7977,6
7978,12
7979,12
7980,17
7981,11
7982,10
7983,6
7984,8
7985,3
7986,5
7987,6
7988,9
7989,7
7990,6
7991,19
7992,17
7993,14
7994,16
7995,13
7996,2
7997,1
7998,9
7999,1
8000,10
8001,13
8002,7
8003,7
8004,15
8005,16
8006,19
8007,8
8008,11
8009,3
8010,5
8011,14
8012,7
8013,5
8014,2
8015,18
8016,4
8017,6
8018,3
8019,11
8020,5
8021,5
8022,2
8023,7
8024,16
8025,20
8026,11
8027,5
8028,11
8029,7
8030,7
8031,7
8032,4
8033,15
8034,14
8035,5
8036,20
8037,3
8038,14
8039,19
8040,9
8041,13
8042,8
8043,8
8044,6
8045,10
8046,18
8047,8
8048,16
8049,6
8050,8
8051,18
8052,15
8053,10
8054,6
8055,7
8056,17
8057,7
8058,9
8059,3
8060,12
8061,18
8062,2
8063,17
8064,4
8065,1
8066,17
8067,5
8068,12
8069,15
8070,16
8071,6
8072,18
8073,3
8074,13
8075,5
8076,5
8077,7
8078,19
8079,12
8080,10
8081,11
8082,15
8083,19
8084,2
8085,19
8086,10
8087,2
8088,9
8089,9
8090,7
8091,3
8092,12
8093,7
8094,5
8095,10
8096,17
8097,17
8098,18
8099,12
8100,19
8101,16
8102,13
8103,3
8104,4
8105,17
8106,12
8107,6
8108,6
8109,19
8110,15
8111,13
8112,3
8113,19
8114,8
8115,1
8116,1
8117,5
8118,13
8119,2
8120,8
8121,9
8122,6
8123,11
8124,5
8125,19
8126,13
8127,2
8128,4
8129,8
8130,4
8131,19
8132,13
8133,8
8134,5
8135,16
8136,6
8137,9
8138,2
8139,18
8140,14
8141,14
8142,9
8143,13
8144,1
8145,6
8146,5
8147,10
8148,15
8149,12
8150,19
8151,5
8152,17
8153,16
8154,18
8155,19
8156,12
8157,19
8158,4
8159,8
8160,5
8161,15
8162,11
8163,4
8164,13
8165,14
8166,5
8167,18
8168,14
8169,2
8170,19
8171,14
8172,7
8173,9
8174,1
8175,16
8176,11
8177,1
8178,8
8179,20
8180,5
8181,16
8182,1
8183,5
8184,14
8185,18
8186,8
8187,3
8188,9
8189,14
8190,6
8191,12
8192,14
8193,8
8194,1
8195,20
8196,20
8197,3
8198,10
8199,3
8200,1
8201,1
8202,13
8203,13
8204,17
8205,17
8206,2
8207,2
8208,13
8209,4
8210,1
8211,16
8212,19
8213,8
8214,20
8215,14
8216,4
8217,18
8218,3
8219,11
8220,14
8221,12
8222,12
8223,6
8224,12
8225,4
8226,6
8227,2
8228,7
8229,14
8230,13
8231,7
8232,14
8233,12
8234,16
8235,1
8236,16
8237,2
8238,20
8239,9
8240,13
8241,20
8242,10
8243,12
8244,5
8245,11
8246,8
8247,14
8248,20
8249,11
8250,11
8251,9
8252,17
8253,5
8254,19
8255,9
8256,2
8257,18
8258,9
8259,2
8260,18
8261,12
8262,4
8263,8
8264,11
8265,17
8266,12
8267,10
8268,3
8269,10
8270,1
8271,20
8272,18
8273,19
8274,12
8275,17
8276,18
8277,4
8278,18
8279,1
8280,19
8281,9
8282,7
8283,9
8284,14
8285,1
8286,8
8287,1
8288,15
8289,7
8290,5
8291,18
8292,19
8293,8
8294,4
8295,4
8296,10
8297,17
8298,2
8299,19
8300,13
8301,4
8302,16
8303,19
8304,15
8305,12
8306,13
8307,14
8308,18
8309,5
8310,11
8311,20
8312,5
8313,19
8314,2
8315,2
8316,5
8317,19
8318,10
8319,10
8320,19
8321,10
8322,6
8323,2
8324,1
8325,11
8326,20
8327,12
8328,6
8329,18
8330,8
8331,12
8332,17
8333,16
8334,15
8335,17
8336,6
8337,3
8338,1
8339,17
8340,10
8341,7
8342,15
8343,11
8344,9
8345,9
8346,12
8347,3
8348,19
8349,19
8350,18
8351,3
8352,17
8353,16
8354,11
8355,11
8356,12
8357,8
8358,3
8359,2
8360,18
8361,11
8362,8
8363,17
8364,7
8365,20
8366,15
8367,3
8368,6
8369,8
8370,3
8371,9
8372,4
8373,14
8374,9
8375,4
8376,2
8377,7
8378,7
8379,8
8380,5
8381,14
8382,3
8383,17
8384,19
8385,5
8386,6
8387,13
8388,16
8389,8
8390,13
8391,17
8392,5
8393,14
8394,13
8395,20
8396,11
8397,3
8398,11
8399,13
8400,15
8401,13
8402,13
8403,16
8404,1
8405,16
8406,15
8407,2
8408,14
8409,12
8410,5
8411,14
8412,10
8413,5
8414,18
8415,10
8416,14
8417,12
8418,3
8419,16
8420,18
8421,11
8422,15
8423,13
8424,19
8425,11
8426,8
8427,5
8428,12
8429,5
8430,9
8431,9
8432,16
8433,9
8434,14
8435,14
8436,6
8437,5
8438,15
8439,18
8440,3
8441,14
8442,4
8443,9
8444,9
8445,8
8446,20
8447,9
8448,5
8449,13
8450,5
8451,14
8452,13
8453,6
8454,19
8455,3
8456,20
8457,4
8458,4
8459,16
8460,9
8461,15
8462,12
8463,4
8464,11
8465,3
8466,17
8467,12
8468,17
8469,8
8470,14
8471,18
8472,4
8473,5
8474,10
8475,1
8476,3
8477,14
8478,8
8479,19
8480,6
8481,9
8482,6
8483,15
8484,16
8485,5
8486,8
8487,4
8488,12
8489,5
8490,11
8491,16
8492,14
8493,1
8494,11
8495,6
8496,4
8497,11
8498,13
8499,13
8500,4
8501,11
8502,5
8503,12
8504,9
8505,15
8506,5
8507,20
8508,2
8509,18
8510,5
8511,4
8512,12
8513,14
8514,13
8515,12
8516,11
8517,20
8518,12
8519,2
8520,14
8521,7
8522,6
8523,7
8524,10
8525,20
8526,18
8527,6
8528,16
8529,19
8530,16
8531,16
8532,19
8533,3
8534,7
8535,18
8536,12
8537,14
8538,2
8539,13
8540,9
8541,20
8542,10
8543,8
8544,6
8545,13
8546,12
8547,13
8548,5
8549,3
8550,16
8551,15
8552,20
8553,5
8554,5
8555,16
8556,7
8557,7
8558,3
8559,2
8560,10
8561,7
8562,1
8563,18
8564,14
8565,10
8566,13
8567,1
8568,10
8569,3
8570,15
8571,3
8572,10
8573,3
8574,17
8575,10
8576,18
8577,19
8578,4
8579,16
8580,11
8581,14
8582,16
8583,14
8584,10
8585,3
8586,20
8587,19
8588,6
8589,13
8590,20
8591,12
8592,8
8593,7
8594,17
8595,4
8596,7
8597,18
8598,6
8599,10
8600,14
8601,10
8602,1
8603,18
8604,5
8605,18
8606,16
8607,15
8608,15
8609,20
8610,13
8611,18
8612,17
8613,10
8614,14
8615,1
8616,19
8617,4
8618,8
8619,2
8620,17
8621,11
8622,1
8623,6
8624,2
8625,14
8626,19
8627,1
8628,3
8629,12
8630,2
8631,1
8632,17
8633,16
8634,11
8635,16
8636,20
8637,20
8638,12
8639,11
8640,8
8641,20
8642,8
8643,4
8644,11
8645,19
8646,10
8647,10
8648,10
8649,2
8650,15
8651,9
8652,20
8653,15
8654,3
8655,14
8656,10
8657,13
8658,7
8659,6
8660,19
8661,8
8662,7
8663,18
8664,20
8665,8
8666,10
8667,19
8668,1
8669,18
8670,11
8671,18
8672,2
8673,1
8674,15
8675,20
8676,8
8677,11
8678,13
8679,17
8680,19
8681,9
8682,12
8683,14
8684,15
8685,1
8686,2
8687,12
8688,14
8689,8
8690,18
8691,18
8692,11
8693,17
8694,4
8695,3
8696,7
8697,4
8698,14
8699,9
8700,6
8701,6
8702,10
8703,11
8704,13
8705,15
8706,16
8707,10
8708,18
8709,18
8710,3
8711,19
8712,17
8713,2
8714,7
8715,4
8716,8
8717,5
8718,17
8719,8
8720,6
8721,2
8722,12
8723,2
8724,9
8725,14
8726,16
8727,4
8728,12
8729,9
8730,15
8731,19
8732,18
8733,14
8734,9
8735,5
8736,1
8737,14
8738,18
8739,6
8740,19
8741,13
8742,4
8743,16
8744,9
8745,5
8746,10
8747,1
8748,7
8749,8
8750,5
8751,20
8752,7
8753,14
8754,7
8755,16
8756,11
8757,12
8758,4
8759,2
8760,12
8761,7
8762,7
8763,14
8764,17
8765,12
8766,19
8767,13
8768,5
8769,13
8770,2
8771,8
8772,6
8773,10
8774,18
8775,9
8776,14
8777,11
8778,8
8779,17
8780,4
8781,15
8782,6
8783,11
8784,4
8785,11
8786,9
8787,13
8788,13
8789,19
8790,10
8791,15
8792,15
8793,10
8794,16
8795,2
8796,1
8797,10
8798,12
8799,8
8800,1
8801,11
8802,18
8803,16
8804,3
8805,7
8806,4
8807,2
8808,20
8809,15
8810,7
8811,3
8812,1
8813,3
8814,18
8815,18
8816,14
8817,2
8818,4
8819,7
8820,4
8821,8
8822,3
8823,11
8824,17
8825,15
8826,2
8827,7
8828,18
8829,11
8830,3
8831,20
8832,11
8833,7
8834,18
8835,9
8836,6
8837,1
8838,12
8839,8
8840,11
8841,12
8842,14
8843,16
8844,4
8845,17
8846,18
8847,20
8848,3
8849,7
8850,8
8851,2
8852,10
8853,11
8854,16
8855,17
8856,5
8857,7
8858,5
8859,8
8860,18
8861,6
8862,20
8863,12
8864,4
8865,12
8866,12
8867,16
8868,18
8869,12
8870,15
8871,13
8872,13
8873,4
8874,6
8875,7
8876,7
8877,19
8878,12
8879,13
8880,4
8881,20
8882,20
8883,8
8884,15
8885,3
8886,19
8887,8
8888,17
8889,16
8890,3
8891,19
8892,11
8893,4
8894,4
8895,15
8896,4
8897,1
8898,18
8899,13
8900,15
8901,8
8902,18
8903,17
8904,9
8905,1
8906,3
8907,17
8908,3
8909,4
8910,1
8911,5
8912,10
8913,14
8914,10
8915,15
8916,7
8917,8
8918,11
8919,10
8920,5
8921,1
8922,12
8923,12
8924,3
8925,8
8926,8
8927,16
8928,14
8929,11
8930,4
8931,10
8932,14
8933,19
8934,12
8935,20
8936,12
8937,11
8938,10
8939,1
8940,6
8941,16
8942,20
8943,18
8944,20
8945,5
8946,11
8947,11
8948,6
8949,11
8950,19
8951,12
8952,19
8953,14
8954,19
8955,20
8956,3
8957,19
8958,20
8959,1
8960,13
8961,8
8962,11
8963,11
8964,8
8965,17
8966,6
8967,6
8968,10
8969,16
8970,11
8971,11
8972,4
8973,12
8974,16
8975,2
8976,18
8977,11
8978,8
8979,4
8980,1
8981,7
8982,16
8983,2
8984,15
8985,4
8986,3
8987,5
8988,7
8989,1
8990,6
8991,13
8992,13
8993,8
8994,16
8995,4
8996,10
8997,10
8998,13
8999,14
9000,5
9001,11
9002,13
9003,11
9004,8
9005,6
9006,18
9007,6
9008,1
9009,7
9010,10
9011,13
9012,20
9013,3
9014,15
9015,6
9016,6
9017,9
9018,12
9019,14
9020,12
9021,5
9022,17
9023,14
9024,8
9025,13
9026,7
9027,10
9028,1
9029,16
9030,2
9031,10
9032,20
9033,20
9034,19
9035,17
9036,6
9037,12
9038,2
9039,16
9040,4
9041,12
9042,17
9043,5
9044,6
9045,3
9046,1
9047,14
9048,18
9049,18
9050,20
9051,13
9052,18
9053,11
9054,14
9055,20
9056,5
9057,14
9058,17
9059,15
9060,11
9061,9
9062,10
9063,17
9064,10
9065,15
9066,20
9067,5
9068,10
9069,20
9070,19
9071,4
9072,13
9073,16
9074,6
9075,17
9076,12
9077,1
9078,2
9079,15
9080,2
9081,3
9082,6
9083,5
9084,13
9085,5
9086,1
9087,11
9088,6
9089,5
9090,7
9091,17
9092,2
9093,2
9094,2
9095,19
9096,4
9097,4
9098,1
9099,7
9100,2
9101,5
9102,1
9103,4
9104,14
9105,14
9106,9
9107,15
9108,11
9109,18
9110,5
9111,2
9112,4
9113,20
9114,4
9115,11
9116,20
9117,14
9118,14
9119,11
9120,5
9121,6
9122,5
9123,14
9124,10
9125,12
9126,11
9127,19
9128,20
9129,13
9130,1
9131,14
9132,12
9133,4
9134,2
9135,2
9136,17
9137,16
9138,13
9139,10
9140,1
9141,11
9142,7
9143,5
9144,17
9145,9
9146,3
9147,8
9148,9
9149,11
9150,2
9151,19
9152,14
9153,13
9154,3
9155,16
9156,15
9157,13
9158,16
9159,5
9160,11
9161,7
9162,14
9163,4
9164,18
9165,3
9166,9
9167,2
9168,15
9169,12
9170,9
9171,10
9172,12
9173,16
9174,1
9175,5
9176,4
9177,7
9178,3
9179,6
9180,15
9181,2
9182,20
9183,16
9184,11
9185,20
9186,5
9187,15
9188,20
9189,5
9190,18
9191,4
9192,2
9193,18
9194,1
9195,7
9196,18
9197,2
9198,5
9199,19
9200,14
9201,5
9202,16
9203,7
9204,17
9205,15
9206,6
9207,9
9208,3
9209,16
9210,2
9211,10
9212,20
9213,7
9214,9
9215,3
9216,14
9217,9
9218,1
9219,9
9220,16
9221,13
9222,18
9223,17
9224,2
9225,2
9226,5
9227,6
9228,6
9229,10
9230,10
9231,13
9232,15
9233,14
9234,12
9235,5
9236,2
9237,10
9238,1
9239,17
9240,16
9241,7
9242,18
9243,11
9244,9
9245,18
9246,13
9247,17
9248,12
9249,19
9250,18
9251,14
9252,18
9253,4
9254,15
9255,17
9256,12
9257,9
9258,10
9259,18
9260,3
9261,6
9262,15
9263,15
9264,18
9265,15
9266,8
9267,7
9268,13
9269,3
9270,7
9271,4
9272,3
9273,10
9274,7
9275,18
9276,13
9277,11
9278,12
9279,20
9280,19
9281,11
9282,15
9283,20
9284,5
9285,11
9286,18
9287,5
9288,11
9289,2
9290,13
9291,12
9292,14
9293,2
9294,5
9295,7
9296,13
9297,2
9298,10
9299,8
9300,7
9301,5
9302,19
9303,2
9304,4
9305,16
9306,1
9307,11
9308,20
9309,2
9310,1
9311,14
9312,4
9313,3
9314,7
9315,15
9316,5
9317,3
9318,3
9319,5
9320,14
9321,9
9322,5
9323,1
9324,1
9325,10
9326,18
9327,5
9328,10
9329,8
9330,7
9331,13
9332,14
9333,18
9334,13
9335,12
9336,7
9337,14
9338,13
9339,8
9340,3
9341,3
9342,18
9343,15
9344,6
9345,5
9346,15
9347,11
9348,8
9349,2
9350,12
9351,1
9352,14
9353,19
9354,3
9355,14
9356,16
9357,16
9358,7
9359,10
9360,16
9361,16
9362,4
9363,12
9364,12
9365,17
9366,13
9367,17
9368,16
9369,18
9370,19
9371,17
9372,3
9373,5
9374,13
9375,12
9376,3
9377,12
9378,1
9379,10
9380,9
9381,12
9382,18
9383,13
9384,14
9385,3
9386,17
9387,12
9388,6
9389,10
9390,6
9391,6
9392,19
9393,11
9394,20
9395,13
9396,9
9397,4
9398,15
9399,16
9400,2
9401,12
9402,18
9403,9
9404,3
9405,17
9406,9
9407,15
9408,2
9409,3
9410,13
9411,15
9412,4
9413,9
9414,2
9415,2
9416,2
9417,2
9418,15
9419,2
9420,13
9421,2
9422,2
9423,11
9424,8
9425,15
9426,5
9427,1
9428,5
9429,2
9430,17
9431,3
9432,9
9433,15
9434,4
9435,9
9436,20
9437,17
9438,18
9439,7
9440,4
9441,11
9442,15
9443,13
9444,20
9445,17
9446,6
9447,5
9448,8
9449,4
9450,16
9451,4
9452,10
9453,3
9454,5
9455,3
9456,18
9457,20
9458,2
9459,6
9460,9
9461,3
9462,2
9463,18
9464,12
9465,5
9466,19
9467,3
9468,4
9469,8
9470,18
9471,16
9472,8
9473,19
9474,9
9475,2
9476,10
9477,20
9478,16
9479,15
9480,6
9481,6
9482,1
9483,19
9484,19
9485,4
9486,12
9487,4
9488,14
9489,12
9490,6
9491,3
9492,13
9493,2
9494,4
9495,3
9496,7
9497,3
9498,1
9499,1
9500,19
9501,11
9502,17
9503,11
9504,6
9505,2
9506,10
9507,9
9508,5
9509,19
9510,1
9511,18
9512,3
9513,18
9514,4
9515,17
9516,14
9517,5
9518,14
9519,20
9520,10
9521,11
9522,7
9523,10
9524,16
9525,8
9526,13
9527,15
9528,11
9529,1
9530,11
9531,16
9532,14
9533,3
9534,7
9535,1
9536,16
9537,20
9538,1
9539,18
9540,9
9541,18
9542,15
9543,11
9544,20
9545,16
9546,6
9547,15
9548,16
9549,5
9550,10
9551,4
9552,18
9553,1
9554,15
9555,11
9556,8
9557,1
9558,4
9559,15
9560,7
9561,2
9562,17
9563,10
9564,19
9565,19
9566,1
9567,1
9568,5
9569,5
9570,3
9571,11
9572,9
9573,16
9574,12
9575,17
9576,2
9577,4
9578,9
9579,4
9580,7
9581,10
9582,3
9583,3
9584,14
9585,16
9586,8
9587,4
9588,8
9589,7
9590,19
9591,13
9592,7
9593,8
9594,4
9595,11
9596,14
9597,4
9598,1
9599,17
9600,13
9601,18
9602,17
9603,9
9604,15
9605,8
9606,4
9607,6
9608,18
9609,3
9610,7
9611,8
9612,2
9613,7
9614,4
9615,4
9616,19
9617,2
9618,12
9619,2
9620,9
9621,12
9622,8
9623,15
9624,19
9625,18
9626,11
9627,16
9628,2
9629,4
9630,17
9631,9
9632,5
9633,11
9634,8
9635,6
9636,20
9637,17
9638,2
9639,15
9640,12
9641,12
9642,14
9643,19
9644,4
9645,13
9646,10
9647,9
9648,4
9649,15
9650,2
9651,3
9652,4
9653,2
9654,4
9655,18
9656,10
9657,5
9658,11
9659,3
9660,4
9661,1
9662,12
9663,18
9664,7
9665,18
9666,14
9667,5
9668,6
9669,17
9670,7
9671,15
9672,7
9673,4
9674,3
9675,6
9676,4
9677,13
9678,14
9679,13
9680,5
9681,18
9682,17
9683,10
9684,7
9685,12
9686,9
9687,5
9688,20
9689,5
9690,5
9691,11
9692,15
9693,16
9694,6
9695,7
9696,1
9697,18
9698,7
9699,19
9700,18
9701,8
9702,16
9703,2
9704,13
9705,14
9706,20
9707,3
9708,15
9709,17
9710,9
9711,1
9712,6
9713,11
9714,5
9715,7
9716,9
9717,4
9718,15
9719,1
9720,17
9721,14
9722,14
9723,13
9724,13
9725,8
9726,6
9727,6
9728,16
9729,9
9730,2
9731,6
9732,11
9733,15
9734,11
9735,20
9736,20
9737,12
9738,7
9739,18
9740,6
9741,14
9742,13
9743,7
9744,11
9745,11
9746,19
9747,8
9748,17
9749,14
9750,18
9751,11
9752,1
9753,14
9754,7
9755,2
9756,7
9757,18
9758,12
9759,10
9760,13
9761,9
9762,16
9763,9
9764,18
9765,6
9766,10
9767,12
9768,15
9769,16
9770,19
9771,20
9772,5
9773,1
9774,18
9775,19
9776,17
9777,13
9778,6
9779,18
9780,18
9781,10
9782,18
9783,7
9784,13
9785,12
9786,20
9787,11
9788,11
9789,7
9790,12
9791,6
9792,4
9793,16
9794,5
9795,7
9796,19
9797,16
9798,10
9799,4
9800,2
9801,11
9802,12
9803,6
9804,6
9805,15
9806,15
9807,19
9808,18
9809,4
9810,4
9811,14
9812,20
9813,17
9814,15
9815,14
9816,9
9817,19
9818,3
9819,15
9820,4
9821,3
9822,16
9823,5
9824,1
9825,10
9826,10
9827,10
9828,4
9829,7
9830,12
9831,5
9832,6
9833,17
9834,5
9835,14
9836,12
9837,4
9838,7
9839,13
9840,14
9841,16
9842,5
9843,17
9844,8
9845,6
9846,16
9847,6
9848,13
9849,4
9850,5
9851,20
9852,5
9853,3
9854,14
9855,10
9856,10
9857,5
9858,7
9859,19
9860,5
9861,5
9862,10
9863,16
9864,4
9865,7
9866,19
9867,20
9868,19
9869,15
9870,12
9871,19
9872,20
9873,19
9874,11
9875,10
9876,2
9877,5
9878,10
9879,6
9880,3
9881,20
9882,2
9883,16
9884,15
9885,13
9886,16
9887,13
9888,12
9889,7
9890,9
9891,11
9892,19
9893,14
9894,9
9895,20
9896,13
9897,11
9898,18
9899,2
9900,6
9901,1
9902,4
9903,16
9904,10
9905,3
9906,3
9907,16
9908,2
9909,1
9910,4
9911,8
9912,8
9913,10
9914,4
9915,1
9916,13
9917,14
9918,5
9919,2
9920,7
9921,18
9922,15
9923,19
9924,8
9925,1
9926,13
9927,15
9928,6
9929,9
9930,12
9931,2
9932,4
9933,16
9934,11
9935,4
9936,12
9937,8
9938,9
9939,20
9940,4
9941,13
9942,2
9943,1
9944,19
9945,12
9946,15
9947,16
9948,3
9949,13
9950,18
9951,20
9952,15
9953,5
9954,10
9955,2
9956,11
9957,19
9958,18
9959,5
9960,3
9961,5
9962,17
9963,18
9964,12
9965,6
9966,14
9967,14
9968,17
9969,18
9970,3
9971,11
9972,8
9973,6
9974,9
9975,8
9976,5
9977,5
9978,7
9979,10
9980,19
9981,9
9982,18
9983,17
9984,3
9985,2
9986,2
9987,20
9988,9
9989,17
9990,19
9991,16
9992,19
9993,15
9994,10
9995,8
9996,16
9997,7
9998,5
9999,15
